Channel0 
nnz: 33 
Data:  -18   6 -20 -31  15 -45  43  37 -43 -26  39 -12 -20 -13 -17  50  44   4  39 -34 -43 -33 -28 -34  -7  48  17  -1  50  17  13  13  41
ROW:     0   0   0   0   1   2   3   3   3   4   4   5   5   5   5   6   6   6   7   7   7   7   7   8   8   8   9   9  10  10  11  11  11
COl:     0   3   4   9   8   7   2   3   8   1   4   0   8  10  11   2   9  11   1   3   5   8  11   5   6  11   0   2   4  11   4   9  11
Channel1 
nnz: 28 
Data:   -4  42 -13  47  10   8  13  26  23  50 -40 -10  11 -40  -8  40  37 -45 -46   3 -34 -21 -28 -20 -45  -9 -17   9
ROW:     1   1   2   2   3   3   3   3   3   4   4   5   6   6   7   7   7   7   8   8   8   9   9   9  10  11  11  11
COl:     0   3   8  11   2   3   6   9  10   0   7   6   3  11   5   7   9  10   3   6   7   2   3  11   6   4   9  11
Channel2 
nnz: 34 
Data:   -2 -23  49  -2  27 -41   7  22 -35  41 -19 -36   4  43 -14  16  45 -47 -31  48  28 -28  -1  -9   9 -36 -35   5  23 -15 -12 -36  49  -3
ROW:     0   0   0   0   0   0   1   1   1   2   3   3   3   4   4   5   5   5   5   5   6   7   7   8   8   9   9   9   9  10  10  10  11  11
COl:     4   5   7   8  10  11   3   4  11   0   1   5   8   4  11   1   4   5   8   9  11   0   6   1   7   3   4   5   8   8   9  10   1   9
Channel3 
nnz: 40 
Data:  -11  49  10 -12  13 -15  50  16  14 -11  24 -42 -18  46 -34 -15  -9  17  11  25  -7 -13  26  26 -48 -46  34   2  35   4 -25 -32 -22 -25  27  12  50 -22 -44 -37
ROW:     0   0   0   0   0   0   1   1   1   1   2   3   3   3   4   4   4   5   5   5   6   6   6   7   7   7   8   8   8   9   9  10  10  10  10  10  11  11  11  11
COl:     0   2   4   7   8  11   2   3   5  10   2   1   5   7   4   7  10   3   7   8   2  10  11   4   6  11   0   3   7   8  11   0   2   3   5   7   1   4   7  11
Channel4 
nnz: 31 
Data:    5 -47 -40 -23  13  35 -23 -10 -47  -4  18  32  15   7 -31 -19 -49  -9  47  22  20  37  19 -41  -5  35  -7  41 -17  41  -7
ROW:     0   0   1   2   2   2   3   3   4   4   5   5   5   5   7   8   8   8   8   9   9   9  10  10  10  10  11  11  11  11  11
COl:     4  10   4   0   1   8   6   9   1   2   1   6   8  11  11   0   2   4   7   3   7  11   2   4  10  11   2   4   7   8  10
Channel5 
nnz: 35 
Data:  -40  11  32  22  49  -1 -48 -24   9  -4  25  32  27  28 -36 -43 -40 -36  46  15 -39 -45  46  27  46  42  48  23 -36 -49  -7 -41  49 -25  23
ROW:     0   0   0   0   1   1   1   1   1   2   2   2   3   3   4   4   4   4   4   5   5   5   6   6   6   7   7   7   9   9   9   9  10  11  11
COl:     2   4   9  10   2   3   4   5  10   2   8  11   6   8   5   7   8   9  11   0   7   8   3   4  10   1   2   7   1   2   8  10   6   1   5
Channel6 
nnz: 35 
Data:  -18  25 -37 -16 -26  46  32   1  -6  -9  -9 -37  -2  20 -39  -6 -42  -4   9 -24  18 -13  10 -18 -34 -12  46  -7 -22 -49 -47  50 -43 -20 -14
ROW:     0   1   1   1   1   2   3   3   3   4   4   5   5   6   6   7   7   7   7   8   8   8   9   9   9   9   9   9  10  10  10  11  11  11  11
COl:     7   1   2   8  11   2   0   1  11   4   9   2  11   0   6   0   1   6  10   1   2   8   0   1   7   8  10  11   7   8   9   2   5   9  10
Channel7 
nnz: 30 
Data:  -27 -24  35  43 -46  19   8  -2 -22  -5 -21  -9  33 -50  28 -44  -7  43  37  29 -35 -41 -11  -7  31  42   6  -5 -43  41
ROW:     1   1   1   2   2   3   3   3   3   3   4   4   4   4   5   5   6   6   7   7   7   7   8   9   9  10  11  11  11  11
COl:     3   7  10   1  10   2   4   7   8   9   1   4   8   9   1  11   1  11   2   4   7   9   4   2   4   6   2   4   9  11
Channel8 
nnz: 38 
Data:   29  -6 -22  22  41  27 -29 -23  21 -42  49 -30 -32  28  -2  -8  13 -31  23  49 -38  43  15  11 -18   2  46  40 -36 -13 -19 -48 -26 -42  40   8 -14  23
ROW:     0   0   0   0   1   2   2   2   3   3   3   3   4   4   4   4   4   5   5   5   5   6   6   7   7   7   7   7   8   8   8   9   9  10  10  10  11  11
COl:     2   9  10  11   0   4   6   9   4   6   8  11   1   2   5   8  10   0   2   6  11   4  11   0   4   5   7  11   2   4   6   1   9   1   3   9   4  11
Channel9 
nnz: 34 
Data:   -8 -33 -43 -39  27   3  36 -48  35 -16  -4 -27  30   2  -5 -36  -4  32 -33  23  35  -1   3 -46   3  39 -38  15   8  -6 -12  11 -36  -5
ROW:     0   0   0   0   1   1   2   2   2   2   2   2   3   3   4   4   4   5   5   5   5   6   6   8   8   8   9   9   9  10  10  11  11  11
COl:     0   2  10  11   2   9   2   4   5   7   8  10   8   9   6   9  11   0   5   6   8   1   6   2   6   8   0   4   7   3  10   1   3   5
Channel10 
nnz: 32 
Data:   -5 -43  32   2 -47 -41  16  30  17  18  49  32 -22  16   8 -17  11 -25  26  37 -36  31  42 -35 -20  49 -11 -45 -44 -10  48   9
ROW:     0   0   0   0   2   2   3   5   5   5   6   6   6   7   7   7   8   8   8   8   9   9   9   9   9  10  10  10  11  11  11  11
COl:     1   8   9  11   2   5   6   0   1   4   2   8   9   5   7  11   0   2   8  11   0   5   6  10  11   6  10  11   1   3   5  11
Channel11 
nnz: 31 
Data:  -40  17  36  14  26  25 -44  -4 -35   1  -4 -16 -20 -25  44  -9  46 -10  17  50  31  50  50   8  37  17  -1 -17 -35 -44 -33
ROW:     0   0   1   1   2   3   3   4   4   5   5   6   6   6   6   6   7   7   7   8   8   8   9   9   9   9   9  10  10  10  11
COl:     0   5   3   7   4   3   9   4   9   0   9   2   6   7   8   9   4   5  10   2   7   8   0   1   4   8   9   0   4   5   7
Channel12 
nnz: 31 
Data:  -34  42 -25 -26 -34 -35 -19 -18  50  23  47 -20  26  11  -8 -37  29 -21  32 -12 -35  17 -41  49  15 -40 -33  20  41  32  34
ROW:     0   0   1   2   2   3   3   3   3   3   4   4   5   5   5   5   6   6   6   7   7   7   9  10  10  10  10  10  11  11  11
COl:     7  10   6   1  10   1   3   4   9  11   1   9   2   6   7  10   1   8   9   0   6  11   6   0   1   5   9  11   5   6  10
Channel13 
nnz: 33 
Data:   32   6   8  26  39  30  13 -20 -33 -50  23  47  32  13 -40  43  42   7   6   9  31  14  39  15 -20 -34  17  35 -24 -40 -30 -28  12
ROW:     0   1   1   2   3   3   3   4   4   4   4   5   5   5   6   6   6   6   8   8   8   9   9   9   9   9  10  10  10  11  11  11  11
COl:     8   0  10   9   2   3   7   1   6   9  11   1   2   3   0   1   5   9   0   4   8   4   6   7   9  11   2   7  10   5   6   8   9
Channel14 
nnz: 27 
Data:  -34 -48  21  -9 -29  31  33  -9   2  34 -49  25  26  47   8  49 -38  42 -42 -15  -6 -23  31 -29  11  22 -34
ROW:     0   0   1   1   1   2   2   3   3   3   3   4   4   4   5   5   5   6   8   8   9  10  10  11  11  11  11
COl:     3   4   9  10  11   2   7   2   3   5   7   8   9  10   1   5   7   8   0   8   9   3   4   1   2   6  10
Channel15 
nnz: 26 
Data:   38 -32  20 -13 -26 -18 -19  30  28  43 -24 -50  20  -1  -9  -9  -4  48 -29  31  50   7 -48 -25  34  21
ROW:     0   0   0   0   1   1   1   1   2   3   4   5   5   5   6   6   7   7   7   7   8   8   9   9  10  11
COl:     3   4   6  10   0   1   2   6   1   9   3   0   7   8   6   7   0   3   4   8   5  11   1  11   3   7
Channel16 
nnz: 23 
Data:   -8  31 -25  11 -13 -47 -43  48  25 -25 -10  13 -37  38 -28  27 -11  -5 -36 -31 -30  42 -15
ROW:     1   1   1   1   2   2   2   2   3   4   4   5   6   7   7   8   8   8   8   8   9  10  11
COl:     0   8  10  11   2   3   6  11   4   9  10   0   1   1   4   0   6   7   8   9  11   7  11
Channel17 
nnz: 33 
Data:    5  35 -36   9  -9 -13 -10  48 -20 -21 -44 -28 -24  22 -39 -37  44 -32 -18 -20 -37 -33  30 -31  27 -28  -5 -30  18 -11   8  -5 -47
ROW:     0   0   0   0   1   2   2   3   3   3   3   3   4   4   4   5   5   5   6   7   7   8   8   8   8   9   9   9   9  10  10  10  10
COl:     1   6   8   9   6   7  11   0   5   8   9  11   6   8  10   0   1   4  11   0   3   1   3   4  11   3   7   9  10   2   4   6   7
Channel18 
nnz: 32 
Data:  -27 -22   6  24 -15  14 -13 -27 -34   4 -17   5  37 -25  43   5  13 -25  31  -9  10 -19 -36  -3 -24  23  38  43  32   3 -41   4
ROW:     0   0   1   1   2   2   2   2   4   4   4   4   4   5   5   7   7   7   7   7   8   8   8   8   8   9  10  10  10  11  11  11
COl:     5   6   2   4   0   3   5   9   0   1   4   5   6   1  11   3   4   7   8  10   1   2   3   6   9   3   1   4   5   5   6  11
Channel19 
nnz: 26 
Data:   25 -46 -37  19  50  36   3  48  27  24 -32  10  35  28  25  50 -26  11  34 -39  38   9  42   4 -10 -28
ROW:     0   1   1   1   1   1   2   3   3   4   4   5   5   5   6   6   6   6   8   8   8   8  10  10  10  11
COl:     8   2   3   4   6   7   9   3   8   6  11   2   3   6   1   7  10  11   0   2   4   9   0   6   7   8
Channel20 
nnz: 38 
Data:  -43 -14  18  24  33 -29  -1  14 -41 -22  27  49  45 -30  35 -48 -41  -7 -49  25 -47 -17  34 -42  20 -13  50 -45  -1 -31  21  48   2  -6 -18  -2   5  33
ROW:     0   0   0   1   1   1   1   1   2   2   2   2   2   3   3   4   4   4   4   4   4   5   5   6   6   6   6   7   7   7   8   8   8   9  10  10  11  11
COl:     4   9  11   1   3   7   8   9   4   6   7   8   9   3  11   0   4   7   8   9  10   8  10   0   1   3   8   1   7   8   2   3   9   4   0   4   1   9
Channel21 
nnz: 27 
Data:    7 -25 -43  43 -39   4  -5 -40  47   3  26  -6   8 -26 -50  44  12 -42 -39 -49 -10   9 -32 -20  -1  49  -8
ROW:     0   0   0   1   1   2   3   3   4   4   4   4   5   5   6   7   7   8   9  10  10  10  11  11  11  11  11
COl:     0   4   5   7  10   0   1   4   0   6   9  10   1  11   5   3   6  10   4   2   3  11   1   2   5   9  10
Channel22 
nnz: 32 
Data:   17   6  38  35 -23 -37  -2  38  49 -49 -27  12  40  -1 -16 -27   6  -4 -37  11  -9 -24  21  30 -25 -45  32 -47 -36 -19  46  15
ROW:     0   0   0   1   1   1   2   2   2   2   3   3   3   4   4   4   5   6   7   8   8   8   9   9   9   9  10  10  11  11  11  11
COl:     1   4   8   4   6  11   1   2   3  11   4   5  10   1   2   3   4   3   9   0   1   5   1   4   8  11   7   8   4   5   6  10
Channel23 
nnz: 36 
Data:  -36  27   1  21  50  49  35   2  33  10 -17  24   1 -34  31 -24  44  22  34 -35  30  -7 -31  45  46 -10 -45   8 -38  42 -21  13 -22  44 -33 -12
ROW:     0   0   0   0   1   1   1   2   2   2   2   2   3   3   3   3   4   4   4   5   5   5   6   6   7   7   8   9  10  10  11  11  11  11  11  11
COl:     1   5   7  11   5   6   8   1   2   4   9  10   1   3   5   8   3   6   9   0   5   6   5  10   5   8   9   9   3   8   1   2   4   6   8  10
Channel24 
nnz: 40 
Data:    2 -36   5   9 -30 -16 -31 -47  32  -7  48 -39  34  40 -17 -10  15 -18  37 -19 -28   5 -25 -19  38  -6   6 -42  36 -39  -2  23 -21  24 -35  17  21 -44 -43  -6
ROW:     0   0   1   1   1   1   1   2   2   2   3   3   3   4   5   5   5   6   6   6   6   7   7   7   7   7   8   8   9   9  10  10  10  10  10  11  11  11  11  11
COl:     1   9   1   2   4   8   9   2   9  10   0   7   8   4   0   4   7   0   7   8  10   0   1   3   7  10   1   7   1   5   3   5   8  10  11   1   2   5   7   8
Channel25 
nnz: 37 
Data:    7 -28 -15 -33 -43 -41 -22 -47  19  21  40  -6  39 -38  50  -5 -17  34 -39  42   8  44  12  40 -33 -21 -10  44  42  43 -33 -34 -43 -10 -42  -7  31
ROW:     0   0   0   0   0   0   1   1   2   2   2   2   3   3   4   5   5   5   6   6   7   7   7   7   8   8   8   8   8   8   9   9   9  10  11  11  11
COl:     0   1   3   4   7   9   2   7   1   3   7  10   2  10   3   3   5  10   4   7   3   9  10  11   0   1   3   5   6  10   0   2   4  11   0   1   7
Channel26 
nnz: 37 
Data:   45  37   8  33  -6 -36  -3 -33  21 -34 -33 -32   1 -46 -48 -32 -36  38  27 -39 -17 -21  17 -30 -36  27 -41 -39 -44  -2  -4  -3  29  14   9  49   6
ROW:     0   0   0   1   1   1   1   1   1   2   2   3   3   3   4   4   4   4   4   5   5   6   6   6   7   8   8   9   9  10  10  10  10  10  11  11  11
COl:     0   5  10   1   2   3   4   5   6   2  11   4   6   9   1   3   4   5   8   2  11   2   5   8  10   9  11   6   8   0   4   5   6  10   4   7   8
Channel27 
nnz: 37 
Data:  -38  39  -4  44 -20 -42  25  27 -21 -33 -42  39 -39 -29  41  36  30  12   6 -19  38  17 -45  20 -39 -24 -16  49  -4 -21  16   7  48   9  31  10 -10
ROW:     0   0   0   1   2   2   2   2   2   2   3   3   4   4   5   5   5   6   6   6   7   8   9   9   9  10  10  10  10  11  11  11  11  11  11  11  11
COl:     0   1   5   8   0   2   4   5   9  11   5   9   7   9   1   6  11   2   3  10  11   1   1   2   7   4   5   7  11   0   2   3   6   8   9  10  11
Channel28 
nnz: 29 
Data:  -43   7  24 -28 -22  -4 -23 -46 -36  20  24 -24 -26 -25 -48 -18  16  -9  47 -46 -36   9   6 -33  25  37   7  17 -42
ROW:     0   1   1   1   2   2   3   3   3   4   5   5   5   5   6   6   7   7   8   8   8   8   8   8   8   8   9   9  10
COl:     2   1   6  10   2  10   3   7   8   4   2   6   8  11   0   1   2   7   1   2   4   5   7   9  10  11   6   9   2
Channel29 
nnz: 38 
Data:  -12 -19 -44  10  -2  13  27 -15  10 -18  23 -16 -17  26   3  23   9 -41 -18 -19 -42 -49 -19  30  19 -19  42  45 -46  15 -13  -9 -43  42  -9 -32  10  37
ROW:     0   0   0   0   1   1   2   2   2   2   2   3   3   4   4   4   5   5   5   5   6   6   6   7   8   8   9   9   9  10  10  10  11  11  11  11  11  11
COl:     0   2   7  11   0   4   0   2   5   7   8   9  10   0   6   9   1   5   8  10   1   3   7   7   2   5   7   8  10   0   2   8   0   3   4   8  10  11
Channel30 
nnz: 24 
Data:  -45 -38 -12 -34  -3  -7  36 -42 -50  46  -1  16 -45  39 -31 -39 -14  22 -10  45 -19   9  47   7
ROW:     0   0   0   1   2   2   3   5   5   6   6   7   9   9   9  10  10  10  10  11  11  11  11  11
COl:     0   4   5   5   0  11   5   7   9   7  11   5   2   9  11   0   4   7   8   1   4   8   9  10
Channel31 
nnz: 35 
Data:  -26 -29 -17  28  39  -8  39 -43  48 -35   9 -33  49 -23  39  -7  20 -21  26  -7 -46  12 -34  35  40  24 -38   5 -30 -28  36 -17 -18 -31  16
ROW:     0   0   0   1   2   2   3   3   3   3   3   3   4   4   5   5   5   5   5   6   7   7   7   7   8   8   8   8   8   8   9   9  10  11  11
COl:     7   9  10   9   2   7   1   2   5   7   9  10   2   4   1   6   7   9  11   8   1   3   5   8   0   1   5   7  10  11   7   9   6   4  11
Channel32 
nnz: 33 
Data:  -24 -36 -32 -23  45   4   7  -1 -50 -12  47  36  12  -9   7 -14 -15 -37  42  43  -8  18 -18 -37  -2  12 -34 -16  28 -36 -17  21 -22
ROW:     0   0   1   1   1   3   3   4   4   4   5   5   5   5   6   6   6   6   6   6   7   7   7   8   8   8   8   8   8   8   9  10  10
COl:     0   7   0   1   6   0  10   4   5   6   0   1   3   6   2   3   4   7   9  11   0   1   3   0   4   6   7   8   9  11   1   4   8
Channel33 
nnz: 38 
Data:   -9   5 -39  -2   6 -26  46 -44 -48  30 -44 -22   6 -19 -49  16 -33   9 -49   7   2  37  14  -4  50 -17  -5 -17  31  15  26  -9 -32  27  38  -6 -13 -34
ROW:     0   0   0   0   0   1   1   1   2   2   3   3   3   3   3   3   4   4   4   4   4   5   5   5   6   7   7   7   7   8   9   9   9   9   9  10  10  11
COl:     0   2   4   6  10   1   4   9   2   4   1   3   6   8   9  10   1   5   6   9  11   0   7   8   3   0   3   8  11  11   1   3   5   6  11   6   9   6
Channel34 
nnz: 35 
Data:    8  35   1   1  32 -37  27   7 -42  29  15 -23  30  32 -40 -13  36  18 -23  29   8  27  10  38 -33  -8  11  37 -18  -8 -41 -21 -33   4 -47
ROW:     0   1   1   2   2   2   3   3   4   4   5   5   5   5   5   5   6   6   6   6   6   7   7   8   8   9   9   9  10  10  10  10  11  11  11
COl:     6   3   5   0   7  10   4   6   2   9   1   4   6   9  10  11   3   4   7   9  10   4   7   8  11   3   6   8   2   3   7  11   1   2  11
Channel35 
nnz: 22 
Data:    5 -21  12   3 -26 -26  27   5  29  15   8 -29 -33  -5 -39 -13  26 -15  31  45  17  38
ROW:     0   0   0   1   1   2   2   3   4   5   5   7   7   7   7   7   7   8   8   9  11  11
COl:     4   5  10   0   9   4   9   2   1   1   4   2   6   7   8   9  10   2   8   5   0   7
Channel36 
nnz: 38 
Data:   50  22 -19  34  33  20 -30 -46 -14  -6  18 -37  10 -31 -26  14  50 -40 -16  28  23 -41  27 -19 -20  37  17 -21 -19  47  50   5  14  29  38   2  -7  -7
ROW:     0   0   0   1   1   1   1   2   2   2   2   2   3   3   3   4   4   5   5   5   5   6   6   8   8   8   8   9   9   9   9  10  10  10  11  11  11  11
COl:     2   5   6   2   6   8   9   2   4   5   6  11   2   5   7   2   7   1   2   5   6   2   6   3   4   9  10   0   1   6  10   0   4   8   2   6   8  10
Channel37 
nnz: 33 
Data:   25  23  16 -49   6  27 -31  24  12   3  23  18  23  44  27  29  -2  22  -6  -2 -30  49  47  27 -47 -36   3 -19  19 -42 -15 -32 -39
ROW:     0   1   1   1   2   2   3   3   4   4   5   5   5   5   5   6   6   6   7   7   7   8   8   8   8   9   9   9   9  10  11  11  11
COl:     9   0   2   5   2   7   2   9   7  10   1   2   7  10  11   0   4   5   1   7  11   1   3   5   7   6   9  10  11   1   0   5   7
Channel38 
nnz: 39 
Data:  -44  14 -49  42   6   7 -43 -48 -29 -11 -48  41   1   9 -35 -45  44 -30   4  -9  27 -12  25  34 -32  33   6  25  10  35  -3  -7  22  -1   7  24  12 -16 -20
ROW:     0   0   0   1   2   2   3   3   3   3   3   3   4   4   4   4   4   4   5   5   6   6   6   7   7   7   7   7   7   8   8   8   9   9   9  10  11  11  11
COl:     4   6  11   4   4   5   0   1   7   8   9  11   0   1   3   4   5  11   1   3   3   8  11   0   4   7   8   9  10   2   7  11   2   4  11   6   6   9  11
Channel39 
nnz: 27 
Data:   48  48  19  -8   5 -21 -10  18   3 -18  24  24   9 -47 -41  34  15  43  28 -41  38 -33  41  32  10  -6 -41
ROW:     0   0   1   1   1   2   2   2   3   4   4   5   5   5   6   6   7   7   7   8   8   9   9  10  10  11  11
COl:     3  10   1   8  10   0   1   7   6   1  10   1   5  11   8  10   3   6   7   1   9   0  11   7   9   6   9
Channel40 
nnz: 28 
Data:   18   4 -45  37 -20  48   6 -21 -17  29 -17  -3  13  23  18  31 -31 -14   5  -7 -32 -49 -41  -1  20  23 -47  19
ROW:     0   0   0   0   2   2   2   5   5   5   5   6   6   6   6   7   7   8   8   8   8   9  10  10  10  10  11  11
COl:     0   3   5   7   4   5   8   1   5  10  11   0   2   8  11   5   7   5   6   7  11   2   3   4   6   7   4  10
Channel41 
nnz: 33 
Data:  -30  -2  21  15 -19 -16 -17  -4 -32  36 -27 -20  34 -33  -7  33 -37 -36  46  11 -48  24  43 -12 -10  -1  41 -25 -28   4  37  28  14
ROW:     0   0   0   1   1   1   1   1   2   3   3   4   4   5   6   6   6   6   7   7   7   7   8   8   8   9   9   9  10  10  10  11  11
COl:     2   8   9   0   2   4   5   6   0   4   5   5   6   7   5   7   8   9   1   3   8   9   0   1   3   7   8  11   6   9  11   0   3
Channel42 
nnz: 31 
Data:   -9  -7 -45  41  31  40 -29  29 -29 -38  -5  32 -48 -12 -19  -8 -49  34  -5 -49  39 -23 -49  20  49 -15 -35  12 -12 -17 -12
ROW:     0   0   0   0   1   1   2   2   3   3   4   4   4   4   5   6   7   7   8   8   8   8   8   9   9   9   9  10  10  10  11
COl:     1   6   7  11   4   7   2   3   3   5   0   1   3   6   8   4   7   9   1   4   5   9  11   0   3   6   9   1   2   5   0
Channel43 
nnz: 27 
Data:  -20  -6 -28 -39  12  31 -35 -27 -15  -7  -8 -24 -44  44  -2  27  26 -35 -14  15  -3  29 -22 -25 -25 -41 -20
ROW:     0   0   0   1   1   2   2   2   2   3   3   4   4   4   7   7   8   8   9   9   9  10  10  11  11  11  11
COl:     2   3   4   7   8   2   3   4  10   3  10   1   3  10   1   7   7   9   2   8  10   1   9   1   2   4   7
Channel44 
nnz: 29 
Data:  -19 -19  38  28  26 -35 -13  46 -39 -46  29  21  29  32   3  47   5 -46 -40  18  49 -10  48 -14  26  37  40  23  35
ROW:     1   1   1   1   2   3   3   3   4   4   4   5   5   5   5   5   5   6   6   6   7   8   8   9   9   9  10  10  11
COl:     0   1   7   8   6   0   3   7   0   4  11   0   1   3   4   5   6   0   6  11   3   0   8   3   9  10   6   9   3
Channel45 
nnz: 37 
Data:    8  17 -21  12 -33  24  36   6 -26 -27 -11  23   9  -1  10  22  26 -16  25  -3  21 -23   1 -24 -50  30  31  47 -34 -20  40  26 -47  25  29 -37  36
ROW:     0   0   0   0   0   0   2   2   2   2   3   3   4   4   5   5   5   5   6   6   7   8   8   8   8   8   9   9   9   9  10  10  10  11  11  11  11
COl:     0   3   4   6   7   8   0   4   7  10   7  11   0   2   0   3   8  10   2   7   6   1   5   8  10  11   3   4   6   8   0   5   8   4   5   6  10
Channel46 
nnz: 32 
Data:  -34   4   9 -39  44  11  41 -49  40 -41 -23  -7  12 -12 -17  32   7  13  26  46   5 -24  18  25  39 -24  -6 -40  41 -49 -22  15
ROW:     0   0   1   2   2   2   2   3   3   3   3   3   4   4   4   5   5   5   7   7   7   7   8   9   9   9   9  10  10  11  11  11
COl:     7  11   3   2   9  10  11   0   1   2   3   5   1   4   7   0   2  11   2   3   4   5   1   0   2   6   8   7   9   4   7   9
Channel47 
nnz: 27 
Data:   48 -12  37 -27 -13  -1 -38  34 -39 -45  23 -18  38 -45  40   8  30 -28  -3  18  35  21   6  45   9  33 -45
ROW:     0   0   0   1   1   1   2   2   3   3   4   4   4   5   5   5   6   7   7   8   8   8   9   9   9  10  11
COl:     0   7  11   1   6  10   0  11   2   6   4   6   9   4   6  11   2   7   8   6   7   9   3   8  11  11  11
Channel48 
nnz: 36 
Data:  -31  25 -50  17  34 -48 -30  50  21  -5 -39  -4   2  34  18 -22 -14 -30   1 -28 -35   5  36 -46 -16  49  -5  -4 -50  41 -46   6  23  11   8  39
ROW:     0   0   0   1   2   2   2   2   2   2   3   3   3   4   4   5   5   5   6   6   6   6   7   7   7   7   8   8   8   8   8   9   9  10  11  11
COl:     0   9  10  10   0   2   3   5   6   8   4   7   9   3  11   1   2   3   1   5   6   8   0   3   4   7   4   5   7   8  11   2   7   8   2   3
Channel49 
nnz: 33 
Data:   11  -3  41  35   1 -37  10  46 -22 -23  42 -33   6  -4  33  48 -30   6  40  22 -42  -4  50  17 -18  25  30  44 -20   6  -8  39 -49
ROW:     0   0   1   1   2   2   2   3   3   4   4   5   5   5   6   6   6   7   8   8   8   8   8   9   9  10  10  10  10  11  11  11  11
COl:     4   8   1  10   5   7  11   5   9   3  11   1   2   5   0   3   6  11   0   2   4   8  11   5  10   1   3   8   9   2   4   6   7
Channel50 
nnz: 27 
Data:  -27  10  33 -34  -9 -33  18 -36 -14  10  16 -44 -28 -41  36  -6 -28 -24 -41  39   2 -36 -41  32 -32  45   4
ROW:     0   1   2   3   3   3   5   5   5   6   6   6   7   7   7   8   9   9   9   9  10  10  10  11  11  11  11
COl:     2   8   1   3   6  10   4   8  10   0   6  10   4   7  10   7   1   5   9  11   2   7   9   2   6  10  11
Channel51 
nnz: 27 
Data:  -10  10  -9 -12 -30  -2  44 -13  49  20 -27 -35 -39 -38  27 -45 -19  50 -28  42 -33 -41   6 -42  26  47  35
ROW:     0   0   1   1   2   2   3   3   4   5   5   6   6   7   7   8   8   8   8   9   9   9   9  11  11  11  11
COl:     1   3   0   7   7   8   2   5   2   5   6   4   7   2   3   3   6   7  10   0   4   9  10   0   1   5   6
Channel52 
nnz: 29 
Data:  -17  40  41 -27  14  -9 -26  42 -41   3 -14 -22 -40   6  34 -31  33 -39  32 -27 -10  38 -18  17 -44 -21 -47  22  -3
ROW:     0   0   2   2   2   2   3   3   3   4   4   4   5   5   5   5   6   6   6   6   7   8   8   9   9   9  10  10  11
COl:     0  11   4   6  10  11   7   9  11   0   2   3   2   6   7   8   2   4   7   9   5   3   4   6   9  10   7   8   8
Channel53 
nnz: 29 
Data:   16  26 -48  -9  44  46  48   6  24  46 -13  34 -50  35  36 -42 -18  26  33  24  30  38 -41 -24 -18 -34 -40  14 -42
ROW:     0   0   0   1   1   1   2   2   3   3   3   3   4   4   5   5   5   6   6   6   7   7   8   8   9  10  10  11  11
COl:     2   3   5   2   6   7   9  10   0   1   5   9   3  10   6   7   8   0   4  10   6   8   3   6  10   3   4   0   6
Channel54 
nnz: 35 
Data:    1  36 -36 -30 -13   4  18 -35 -31  20 -17   6 -49  16  23 -50  24  29 -11 -37 -22   3  15 -36  35  40  21   9  36  -3  32  -1  32 -47 -38
ROW:     0   0   1   1   2   2   2   2   2   2   3   3   3   4   5   5   5   5   6   6   7   7   7   8   8   9   9  10  10  11  11  11  11  11  11
COl:     5   9   8  10   2   5   8   9  10  11   0   7  11   3   6   9  10  11   1   4   7   8  10   3   5   9  10   0   7   0   1   4   5   7   8
Channel55 
nnz: 28 
Data:   -3  13  44 -42  49 -31 -33  39 -31 -20 -41 -38  44   8 -29  -6  23  29 -48   9 -49 -47  23  -4 -18 -26  -1 -33
ROW:     0   0   2   3   3   4   4   5   5   5   6   6   7   7   8   8   8   9   9  10  10  10  10  10  11  11  11  11
COl:     0   6   1   0   8   7   8   1   3   8   1   4   1   7   0   3  10   6  11   1   4   5   6   8   3   4   5  11
Channel56 
nnz: 26 
Data:  -10  35 -11  -3  -9  48 -28  36 -10  14 -49  15   8  -7  13  11 -20  22 -42  17  29  47 -15  12 -47  35
ROW:     0   0   1   1   1   3   3   3   3   4   4   4   5   6   7   7   7   8   8   8  10  10  10  10  11  11
COl:     0   6   0   4  11   1   2   3   6   5   8   9   7  11   6   9  11   1   8   9   0   4   5   6   4   6
Channel57 
nnz: 33 
Data:  -33 -47  49  -7 -12 -27  44  43  -6  37 -29  18 -24 -27  34  -3  19 -17   6  -7  -6  -8   6  38 -13 -19  41  -6   3   2 -21  36  -2
ROW:     0   0   1   1   1   1   1   2   2   3   3   4   4   4   5   5   6   6   6   6   7   7   7   8   8   9   9   9   9  10  10  11  11
COl:     2  10   2   4   5   7   8   0   2   1   3   0   2   3   0   4   3   4   5   7   1   2   8   3   5   7   8   9  11   2   6   3  10
Channel58 
nnz: 35 
Data:   49 -24 -48 -39  23  12  10  44 -33 -28   6  14 -16 -33 -46   9  45 -38  27 -33  10 -42  29 -18 -48 -16   8  -6 -18   4 -10 -44  -9 -14  24
ROW:     0   0   1   2   2   2   2   2   2   3   3   4   4   4   5   6   6   6   6   7   7   7   7   7   7   8   8   8   9   9   9  10  10  10  10
COl:     1  10   5   0   2   3   4   7   9   1   4   2   9  11   9   4   8   9  10   3   5   6   8   9  10   1   7  10   1   2   7   0   4   5   7
Channel59 
nnz: 32 
Data:   29   9 -41   4 -28   3  45  14 -39  46  27  38  38  -8  -7  25  -6  14   8 -35  29 -29 -34  43  20  13 -18 -23   2  50 -25  -5
ROW:     0   0   0   1   1   1   1   2   2   4   4   4   5   5   6   6   6   7   7   7   7   8   8   8   8   9  10  10  11  11  11  11
COl:     2   3   9   4   6   8   9   4   6   1   8  10   1  10   0   6   9   4   7   9  10   0   3   4   7   0  10  11   3   7   9  10
Channel60 
nnz: 27 
Data:  -35  34 -36 -29  35  25  20  36 -32 -12  21 -47 -38  15 -26 -42  21  42   5 -15 -24 -42   9  19  -3  31   6
ROW:     0   1   1   1   1   1   2   3   4   5   5   5   6   6   7   7   7   9   9  10  10  10  11  11  11  11  11
COl:     5   0   1   2   4   9  10   4   6   3   6  10   3   8   5   9  10   1   2   3   4   5   4   6   9  10  11
Channel61 
nnz: 36 
Data:   30  44  31 -11  19 -35  44   1  46 -16 -11  33 -25 -49  10  32  -5 -45  28 -36 -42  -3  18  41 -20 -24  48  40 -11  20 -33  43 -24  34  -4  49
ROW:     0   1   1   1   1   1   2   2   2   3   3   4   4   4   5   5   5   6   6   6   6   6   6   7   7   7   7   8   8   9   9   9  10  10  10  11
COl:     3   1   6   7   8  10   5   6   7   7  10   2   6   8   2   9  10   1   2   3   4   5   8   0   1  10  11   2   9   1   3  11   2   7  11   5
Channel62 
nnz: 35 
Data:  -11  48   5 -23   8  31 -47 -31  22  17  41  36 -34 -32 -15  -5 -47  -7 -29  48 -35  27 -12 -30 -33   3  -5  43   7 -41  35 -32 -37 -35  22
ROW:     0   0   0   0   1   1   2   2   2   2   3   3   4   4   5   5   5   6   6   6   7   7   7   8   8   8   9   9   9  10  10  10  10  11  11
COl:     1   4   9  10   1  10   0   1   5   7   2   8   6   9   1   3   8   3   9  10   0   3   9   7   8  10   1   2   4   1   2   6  11   2   3
Channel63 
nnz: 35 
Data:  -47  50   2  46  39  28  23  18   3  34  -9 -40  41 -40  19 -33  34 -42  23 -19  -8 -28 -16 -30  13  34 -17 -39  24  23  25  -9  -8   9  35
ROW:     0   0   0   0   1   2   2   2   2   3   3   3   3   3   3   4   4   5   5   5   5   5   5   5   6   6   7   8   8   9   9   9  11  11  11
COl:     0   5   9  10   1   2   4   9  10   0   4   6   7   8  10   3   7   2   4   6   8   9  10  11   4   7   7   1   6   2   3   7   3   7   8
Channel64 
nnz: 30 
Data:   27  25 -40   4 -11  20   2  10 -49  50  16  44   2   3   9   7  38 -31  43 -20  45  23  40  30  35  36  49  40 -35  46
ROW:     0   0   0   0   1   2   2   2   2   3   3   3   4   5   5   6   6   7   7   8   8   8   9   9   9  10  10  10  11  11
COl:     2   6   7   8  10   4   7   8  11   0   3   8  11   1   5   3  10   1   7   2   3   4   1   3  11   3   4   7  10  11
Channel65 
nnz: 26 
Data:   45   4 -29  28 -40   5  45 -13  24  12  34  28  -7  -4   6 -38  31 -38 -35 -45  40 -13  25  14  15 -35
ROW:     0   1   1   2   3   3   3   4   4   4   5   5   5   5   6   6   7   7   7   8   9   9  10  10  11  11
COl:     9   2   3   1   0   6   7   0   2   9   2   3   4   7   0  10   7   9  10   7   0   1   3   8   8  11
Channel66 
nnz: 25 
Data:  -44 -18 -37 -46   2 -45   3 -15 -40  -1  26 -23  -6 -39  45 -20 -42  31   1 -24  50 -32  38  26 -40
ROW:     0   2   2   2   2   3   4   4   4   5   5   5   5   5   5   6   8   8   9   9  10  10  10  11  11
COl:     9   1   3   4  10   2   1   3   4   2   3   5   7   8   9   0   6   9   1   3   5   6  11   4  11
Channel67 
nnz: 27 
Data:   31   3  14 -26 -34  20 -27 -12  21 -34  -5 -45 -25  38  27  23  46  23  34 -33  48  45  16   2  14  -3 -15
ROW:     0   0   0   1   2   2   2   3   3   3   4   5   5   5   6   7   7   8   8   8   9   9   9  10  10  11  11
COl:     2   6   8  11   2   3   5   1   7  10   8   5   6  11   3   4   9   8   9  11   0   1   3   9  10   0   5
Channel68 
nnz: 27 
Data:  -36 -30 -42 -13   8 -40  13 -39  33 -17  -4  49  36 -32 -26 -11  -3  49 -35 -10   1  34 -45  14 -16   4 -39
ROW:     0   0   0   1   1   1   1   2   2   3   3   5   5   5   5   5   6   6   7   7   8   9   9   9  10  11  11
COl:     0   1  10   1   3   7  11   5   9   0   5   0   1   3   7   8   0   1   4   9   8   8   9  10   9   1   6
Channel69 
nnz: 35 
Data:  -23 -34 -33   1  24  -7  19 -29 -49  -1 -35 -36 -42   1  26  32 -44   6  -2  21 -46  12  17  48 -14  20 -44   7  43  33 -10  45  24  26 -45
ROW:     0   0   1   1   1   2   2   3   4   4   4   4   5   5   5   5   5   6   6   7   8   8   8   8   8   9   9   9   9  10  11  11  11  11  11
COl:    10  11   5   7   9   3  11   9   2   4   9  11   6   7   8   9  11   0   7   0   1   2   4   5   9   5   6  10  11   6   0   3   4   8  11
Channel70 
nnz: 33 
Data:   27  26 -42 -36   2   6  32  33 -14 -19 -31 -35  -1   1 -23   9  -2  11  29  23  44  -3  36 -31 -49  17 -16  48  23 -49  45   4  25
ROW:     0   0   0   0   1   1   2   2   2   2   3   4   4   5   5   5   6   6   7   7   7   7   7   8   8   8   8   9  10  10  10  11  11
COl:     6   7   9  11   2  11   1   4   5   6   2   4   7   0   1  10   8  10   1   3   4   6  11   0   7  10  11   1   4   5   8   4   7
Channel71 
nnz: 38 
Data:   20  34  35 -43  15  -6 -17  47  -4   7  18 -13  41 -26  24   1  13  35 -28   4  33 -44 -45 -31  -3   2  37  21 -41  46  22  30  -6 -25 -20  12   1 -47
ROW:     0   0   0   1   1   1   2   2   2   2   2   3   3   4   4   4   4   5   6   6   6   6   7   7   7   7   8   8   8   9   9   9   9   9  10  10  10  11
COl:     0   1  10   0   2   6   0   1   6   9  10   6   8   0   2   3   5  11   3   6   8   9   1   2   7   9   0   1   4   0   1   2  10  11   3   4   9   9
Channel72 
nnz: 26 
Data:  -17   1  34  24  23   3   3 -11  41  -6   9  -8 -24  47  35  40 -26  49 -13 -39 -49  30  38  27  26  40
ROW:     0   0   0   1   2   3   3   4   4   5   5   7   8   8   8   8   8   9  10  10  10  10  10  10  11  11
COl:     1   2  10   4  10   2   4   6   7   2   9   9   0   1   2   4   8  10   0   6   7   8   9  10   1   9
Channel73 
nnz: 34 
Data:  -21  -4 -49  -7  34  11 -37  33  39  -7   3 -49 -45   5 -11  47  -7 -23 -18  12  37 -26  23  30  40   5 -23 -12  -2 -24 -35  28  11 -35
ROW:     0   0   1   1   2   2   2   2   2   2   3   3   4   4   5   5   6   6   6   6   7   7   7   8   8   8   8   9   9  10  10  10  11  11
COl:     6  11   1   3   2   3   4   5   7   8   2   9   8  11   5  10   3   4   5   8   0   1  10   3   6   7   9   7   8   5   7  10   2   8
Channel74 
nnz: 24 
Data:  -45 -47 -41 -10  30 -29   5 -11  12  -7   2  49  -1  -6 -42  20 -20  38  15  48 -26 -45  43  17
ROW:     0   1   2   2   2   2   3   4   5   5   5   5   5   5   6   7   7   8   9   9   9  10  11  11
COl:    11   4   2   6   7  11   8   3   1   2   3   5   6   7  11   1  11   5   5   6   7   8   5  10
Channel75 
nnz: 26 
Data:   41   6  30 -39  33  24  48  44  36  16  40  26  16   9 -22 -20  25 -33  10 -21 -19  31  36 -14 -50 -21
ROW:     0   1   1   1   2   2   2   2   3   3   4   4   4   4   5   5   7   7   7   7   8   8   8   9   9  10
COl:     7   3   6   9   1   3   7   8   4   6   2   3   6   8   1   7   1   5   8  11   5   7  10   0   4  10
Channel76 
nnz: 33 
Data:  -41  45   9 -18  39  13 -26 -33  43  16  12  -6 -50   8 -43  46   5  27 -37  10  23  34  -7  16   5  49  26   4 -33   6  -1  32  23
ROW:     0   0   0   0   1   1   1   2   2   3   4   5   5   5   6   6   6   6   6   7   7   8   8   8   8   9   9   9   9  10  10  10  11
COl:     0   3   4  11   5   6   7   0   1   7   3   8   9  10   0   3   4   7   9   5   8   0   2   5  10   0   3   8  10   2   3   4   7
Channel77 
nnz: 23 
Data:  -15 -25 -35  40 -48  28  13 -31 -50   8 -27   6 -42  50 -48  25   9  29 -50 -35  42  25  41
ROW:     0   0   0   1   2   3   3   3   4   4   4   4   5   6   6   6   7   7   9   9  10  10  10
COl:     4   8  10   6   4   7  10  11   0   2   3   8   6   6   8  10   2  11   8  11   4   9  10
Channel78 
nnz: 29 
Data:   43  19 -12  25  12  18 -35  28 -25   2  37 -26  22   4  14  22  45 -26  11  14 -47  35 -41  42  36   9  49  39 -10
ROW:     0   0   1   1   1   1   2   2   3   4   4   4   4   5   6   7   7   7   9   9   9   9   9  10  10  10  11  11  11
COl:     4   8   1   4  10  11   1  10  10   1   8  10  11   2   6   1   2   6   1   2   3   6   8   4   6  11   2  10  11
Channel79 
nnz: 28 
Data:  -16  39 -33  47   1  48  21  18 -48   8  20 -11  35 -13   9  -5 -16 -18  40  -3  26 -42  34  45 -21 -45 -34 -40
ROW:     0   1   1   1   1   2   3   3   4   4   5   5   5   6   6   7   7   7   7   8   8   8   9   9   9  10  11  11
COl:     1   5   7   9  11   1   9  11   5   6   4   5   9   6  11   6   8  10  11   5   8  10   2   5   9   7   4   9
Channel80 
nnz: 22 
Data:    7  40  12 -23 -30   8  15  45 -42 -23 -14  42 -28  -5  24 -48  14  45  17 -16  10  -5
ROW:     0   0   0   0   1   1   1   2   2   3   3   3   5   5   5   6   7   8   9  11  11  11
COl:     3   6  10  11   2   6   8   1   8   2   3  11   1   8   9   6   4  10   2   8   9  10
Channel81 
nnz: 25 
Data:   44  32 -25  -1   7  41 -14 -16  29  50   8  38 -15  43 -13   6  45  16 -16   4 -17 -50  44  18  39
ROW:     0   0   0   1   1   2   2   3   3   3   3   3   4   5   5   5   6   7   7   7   8   8   9  10  10
COl:     0   5   8   2   3   6   8   0   1   2   6  10  10   1   2   6   4   2   7  11   1  10   5   5   6
Channel82 
nnz: 25 
Data:  -28  14  -8  38  -9 -27  15  50  34 -34   7   5 -25 -34  19  -1  31  27  26 -35  -7 -36 -14  32  50
ROW:     0   0   0   1   2   2   2   2   2   3   3   4   5   5   6   6   7   8   8   8   9  10  10  10  10
COl:     2   8   9   4   2   5   8  10  11   0   7   7   3  11   2   7   9   4   6   8  11   1   2   7   8
Channel83 
nnz: 37 
Data:  -19 -39 -33 -49  38  37  36 -24  13  37  -5 -15 -45  33 -33 -33   8  14 -32   6 -34  14  46 -19  -8  30  44  22 -27 -18 -14  -8  -8 -28  -4  17 -12
ROW:     0   0   0   0   0   1   1   1   1   2   2   2   2   2   3   3   3   3   4   4   5   5   5   6   6   7   7   8   8   8   9   9   9   9  11  11  11
COl:     1   3   4   7  11   5   6   7   8   4   6   9  10  11   1   6   9  11   3   9   0   3   7   6   9   7  11   1   2  11   2   7  10  11   4   6  11
Channel84 
nnz: 33 
Data:   31 -22  -2 -30  12 -15  25 -27  36 -37 -19 -21  -6 -24 -20 -37  50  17 -16  37  32   8  39  22 -22 -18 -26  29   4 -25 -31  -1 -17
ROW:     0   0   2   2   2   3   3   3   4   4   5   6   6   6   6   6   7   7   7   7   8   8   8   8   8   8   9   9   9  10  10  10  10
COl:     4   6   1   3   4   1   3   4   3   5   0   2   3   4   6   7   0   1   6  10   0   2   4   5   7  11   3   6   9   3   6   8  11
Channel85 
nnz: 35 
Data:  -45 -14 -23 -37 -48  20 -16   8 -21  30  32   1  30  29  -8 -25  -9 -35  46 -38  -9  38 -43 -24 -33 -32 -11  30   7  -5  -3  32  45  43  -1
ROW:     0   0   1   1   1   1   1   2   2   2   3   3   4   4   4   5   5   5   5   6   6   7   7   7   8   8   8   9   9  10  11  11  11  11  11
COl:     6   9   0   4   6   8  10   2   5   8   0   1   3   7   8   0   4   6   7   0  11   4   7   8   2   6   8   0  10   9   4   5   6   9  11
Channel86 
nnz: 25 
Data:   27 -45 -21 -31  30  13  21 -18  24 -48 -50  37  11  43 -18 -44  41  16  38  39 -33  33  50  -8  38
ROW:     0   1   1   1   2   2   2   4   4   5   5   6   7   7   8   8   8   8   9   9   9   9  10  10  10
COl:    10   7   8  10   2   6  11   0   7   5   9   6   4   9   2   3   5  11   1   4   6  10   6   7  10
Channel87 
nnz: 33 
Data:   37  36  28 -46 -37  50 -16 -41 -49  39 -36  -6  41  50   5 -23 -19 -48 -45 -48  26   7  20  14  14 -22 -44 -11  26 -15  34  46   5
ROW:     0   0   1   1   2   2   2   3   3   3   4   4   5   5   5   6   6   6   7   8   8   8   8   9   9   9   9  10  10  10  11  11  11
COl:     3   4   2   8   9  10  11   2   3   7   2   4   1   3   8   2   8   9   9   1   2   6   9   4   6   7   8   1   8   9   4   5   8
Channel88 
nnz: 30 
Data:   23 -16  16  45 -21 -26 -45 -30 -30   9  -3   5 -30  43 -25  39  26  25  -8 -44  -3  -1  14  35  27 -39 -34  27 -30   2
ROW:     0   0   0   0   0   2   2   2   3   3   3   4   4   5   5   5   5   7   8   8   9   9   9   9   9   9  10  11  11  11
COl:     1   5   7   8  11   3   4  10   6   9  11   4   6   0   2   3   5   9   0   5   1   2   5   9  10  11   6   1   5   6
Channel89 
nnz: 35 
Data:  -35  14 -35  -4  -4 -33 -42 -30 -31  48  49  -1  16 -41  28  32 -23  13 -27 -39  18  28  -5 -23  24  44  25  39  17  20 -30  48  34  18  10
ROW:     0   0   0   0   1   1   2   2   2   2   3   3   3   3   4   4   4   4   5   6   6   6   6   7   7   8   8   8   9   9   9  10  10  11  11
COl:     0   4   5   9   2   8   1   4   8   9   0   1   3   7   6   7  10  11   9   0   1   3  11   0  10   1  10  11   2   5  11   0   2   1   9
Channel90 
nnz: 32 
Data:   49  10 -35   5   4 -23 -18  23 -42  45 -29 -13  31 -35  -8 -33 -31  26  -7 -13 -25  47 -16  44  18   4 -22  -6  39  39 -31 -46
ROW:     0   1   1   1   2   2   2   2   3   3   3   3   4   4   4   5   5   6   6   6   7   7   8   9  10  10  10  11  11  11  11  11
COl:     4   3   4   9   1   2   5   9   0   3   4  11   6   9  10   3   9   1   3   8   4   6  10   4   0   9  11   3   4   6   7  11
Channel91 
nnz: 33 
Data:    3  47 -14  13  45 -10  25 -48  30  -3 -27   8  23 -33   6 -15 -39  12 -29  48  45   8  -5  -7 -13 -34 -38  24  27 -25  14 -28 -50
ROW:     0   0   0   0   1   2   2   3   3   3   4   4   4   4   4   5   5   5   5   6   6   7   7   7   7   8   8   9  10  10  11  11  11
COl:     1   3   7  10   5   3   7   5   6   8   3   4   5   9  10   2   6   7   9   4   5   0   1   5   6   1   6   2   2   8   4   5   9
Channel92 
nnz: 35 
Data:  -38  49  30 -22 -45  -9 -47  35  12  12   7  37 -22  15  16  11 -27  38  40  39 -49 -48 -18 -32   5 -34   7  38  29  42   3  33  -8 -38 -33
ROW:     0   0   1   1   1   1   2   2   3   3   3   3   3   3   4   5   5   5   5   6   6   8   8   9  10  10  10  10  10  11  11  11  11  11  11
COl:     1   2   2   4   5   9   4   7   0   1   3   6   8   9   9   4   6   9  10   1   5   5   9   7   1   4   5   7   9   0   1   2   4   5  10
Channel93 
nnz: 30 
Data:   22  37 -30  -1  12  42   1  -3  12 -42 -36   8 -43  15 -37 -13  -5  11  49  10  50  17 -37  -8  22  48  27 -29  29 -17
ROW:     0   0   1   1   1   1   2   3   3   3   3   4   4   6   6   6   7   8   8   9   9   9   9   9   9  10  10  11  11  11
COl:     2   8   1   3   5   6   9   3   5   9  11   3   6   1   4   6   9   1   2   1   6   7   8   9  10   2   6   3   6   9
Channel94 
nnz: 38 
Data:   27 -30 -15 -37  43  18  18  49  36 -30  31 -46  36  35   1 -47   5  30 -12  -5 -45   2  19  31 -17  17  21 -29   3 -31 -22  45  32  19 -48  42  20  14
ROW:     0   0   1   1   1   1   1   2   3   3   3   4   4   4   4   4   5   6   6   6   6   6   6   7   7   7   8   8   9   9   9   9  10  10  10  10  10  11
COl:     2   8   2   4   6   9  10   3   1   8  10   1   2   4   6   8   2   0   1   3   5   6  11   5   8  10   0   5   5   6   9  11   4   6   7   9  10   5
Channel95 
nnz: 35 
Data:  -44   6  33  46  10   5  31   2  -7 -18 -26  21 -27  30 -17 -17  28 -25 -10 -11  49  31 -34  31 -28 -38 -16  43  44  22   8 -14 -33  24  19
ROW:     0   0   0   1   1   1   1   1   2   2   2   3   3   3   3   3   4   5   5   6   6   6   6   7   7   8   8   8   8   9   9  10  10  11  11
COl:     3   5   7   1   5   6   7   9   3   4   8   3   6   7   8  10   1   1   9   2   6   7   8   7   9   0   6   7  11   1  11   1   8   6   7
Channel96 
nnz: 27 
Data:   22 -24  25 -13  38   7  37  16 -24  49 -36 -40  35  36 -30  21 -37 -44  35 -45  32  43  14 -21  50  46 -26
ROW:     1   2   2   2   3   4   4   5   5   5   7   7   7   7   8   8   9   9  10  10  10  10  11  11  11  11  11
COl:    11   4   5   9   5   3   8   1   9  11   0   2   5   6   4   8   0   1   0   1   4   9   0   6   8   9  10
Channel97 
nnz: 39 
Data:   21 -11 -31  18  13  41 -18   1 -36 -37 -32   1  48  24  31  10  49  40 -34  21 -28  -5  35  45 -42  11 -50 -42  25  46  16  19  -8 -16   9  37  48 -12  35
ROW:     0   0   0   1   1   1   1   2   2   2   2   2   3   3   4   4   4   4   5   5   5   6   6   7   7   7   8   8   8   8   8   9   9  10  10  10  10  11  11
COl:     2   9  10   3   5   6  10   2   3   4   6   8   2  11   3   5   9  11   2   3   9   1   9   0   1   9   1   3   6   7   9   2   5   3   8   9  10   8  10
Channel98 
nnz: 24 
Data:  -13  -9  39  -2   3 -34 -35  29  -6  31  20 -32 -12  39  21  46 -50 -31  30 -46 -13 -26 -14 -49
ROW:     0   0   0   1   1   4   4   4   5   5   7   9   9   9   9   9   9  10  10  10  11  11  11  11
COl:     0   1  11   0  11   2   3  11   0   9   6   2   3   4   6   7   8   3   6   9   1   4   8  10
Channel99 
nnz: 34 
Data:    8 -35   1  19  23  18 -35   8  34 -48 -37  41  28  33  14 -25 -10 -25  -6  50  -5  42 -38  33 -15  22 -19 -50  30  -8  34  -1  46 -21
ROW:     0   0   1   1   1   2   3   3   3   3   3   3   4   4   4   4   4   5   6   6   6   6   6   7   8   9  10  10  10  10  10  11  11  11
COl:     2   7   0   6   8  10   2   3   5   6   7   8   4   5   8   9  11   6   0   1   4  10  11  10   3   2   0   2   4   7   8   0   3   4
Channel100 
nnz: 37 
Data:   10 -27 -10 -45 -16 -19 -39 -50 -36  -1  38  40  -6   1  23  12  29  50  21   2 -37 -34  24 -34   8  -9 -24  38   2  -9  41  36  -1  27  32  20   6
ROW:     0   0   0   1   1   1   2   2   2   2   2   2   2   3   4   4   4   4   4   5   6   6   6   6   7   7   8   9   9   9   9  10  10  10  11  11  11
COl:     0   2   4   4   6   9   1   3   4   5   6   8  11  11   2   3   6   8  11   3   0   4   5   8  10  11  10   4   6   7  11   6   8  11   1   3  10
Channel101 
nnz: 35 
Data:   -8 -27   1 -33 -40 -34 -24  34 -44  39 -43 -29  43  14  50  38   1  18  -1 -39   7  44 -37 -26  -7 -40 -48  11  -1 -29 -15 -29  31  48  38
ROW:     0   0   0   0   0   1   2   2   3   3   3   4   4   4   4   5   5   6   6   7   7   7   7   7   8   8   8   9   9   9   9  10  10  10  11
COl:     0   2   6   7  11   8   6  10   3   6   8   1   5   8   9   0   5   6   9   2   5   8   9  11   3   5   8   0   2   5   9   2   9  11   7
Channel102 
nnz: 38 
Data:    3 -41 -39 -36 -15  34   1  27   4 -41   1 -37 -42 -42 -26   4 -20   5  -1  -4  50  28 -29  31  18   5   1  26 -18 -44 -30  13  11  44 -15  22  36 -21
ROW:     0   0   1   1   1   2   3   3   3   3   3   4   4   4   4   4   4   5   6   6   6   6   7   7   7   8   8   8   9   9   9  10  10  10  11  11  11  11
COl:     1   8   1   2   7   6   0   1   2   3  11   0   1   2   7   8  10   8   0   6   9  10   5  10  11   2   3  11   3   6   7   0   9  11   1   5   7   9
Channel103 
nnz: 36 
Data:   -9 -15   4 -15 -32   5 -41  29  25  11  29 -33 -11  18  -4  24   9 -33 -10  17 -29  19   8  19  16   1 -21 -39  13  43  25 -32 -35 -11   6   5
ROW:     0   1   1   1   2   2   3   3   4   4   4   4   4   4   5   6   6   6   6   7   7   7   7   8   8   8   8   9   9   9   9   9   9  10  10  11
COl:     6   4   8  11   5   8   6  11   0   4   6   8   9  10   6   1   3   7  11   0   2  10  11   2   9  10  11   0   3   4   6   7  11   0   2   9
Channel104 
nnz: 26 
Data:   50   7 -39  33   9  32  30  41  42  -1 -40 -14 -43  41  18  30 -35   4  45  26   2  -5  14 -15   7   5
ROW:     0   0   0   1   1   1   1   1   2   2   3   3   4   5   5   5   5   6   8   8   9   9  10  11  11  11
COl:     0   8  11   1   3   6   9  10   1   3   4   5   8   1   5   6  11   1   5   8   3   8   9   2   7   8
Channel105 
nnz: 32 
Data:  -26 -35  31 -22  30  -2 -34  13 -42  15  47  18 -29   3   9 -32 -10  23  25  27 -47  44  48  -7  14   3  -5   6 -28 -28  13  23
ROW:     0   0   0   0   2   2   2   3   3   3   3   4   4   4   4   5   5   5   5   6   7   7   7   8   8   9   9   9  10  10  11  11
COl:     0   1   8  11   1   2   6   0   1   8  10   3   4   8   9   0   2   4   8   7   1   3  10   0   8   5   9  10   9  10   3  11
Channel106 
nnz: 24 
Data:  -11 -16  20  16  24  36  36 -49  39 -29  -3  30  38  27  48  11  49 -16   5 -49  -8 -14 -34 -22
ROW:     0   0   0   1   1   1   2   3   3   4   4   5   5   5   6   6   6   6   7   7   9   9  11  11
COl:     2   3   5   0   6   8   4   0  10   0   3   3   7   8   4   8   9  11   1   2   3   7   0   6
Channel107 
nnz: 25 
Data:   -2  33 -22 -30  16  17  -7  43 -14 -38  24  47   3  45  41  44  -9  -6 -47 -15  -1  45  18   4 -39
ROW:     0   1   1   2   2   2   2   2   3   3   4   5   5   6   6   7   8   8   9   9  10  10  11  11  11
COl:     2   5   8   0   5   7   9  10   6   7   2   1   2   7  11   0   1  10   6  11   3   6   3   8   9
Channel108 
nnz: 33 
Data:  -22 -32  21 -25  33 -24  17  43  -1  33  11  -6  34   9 -25  25  -4  16 -18 -27 -19 -43  26  -3  37  10  -1  -4  28  39  24 -13  12
ROW:     0   0   0   0   0   1   1   1   1   2   2   2   2   3   3   4   5   5   5   6   6   7   7   7   8   8   8   9  10  10  11  11  11
COl:     3   4   5   6  11   0   4  10  11   0   1   4   6   2  10   6   5   8  10   5   6   0   1   8   1   3   5   4   5   9   3   7   9
Channel109 
nnz: 38 
Data:   45  -5  24  13  26 -20 -36  20  36   4  19   3 -35 -32  14 -33   9  -9  45 -37  35  13  50  41 -17  23 -19  -2 -37 -49 -10  21  -1 -47   1  16  -7  30
ROW:     0   0   0   0   1   1   1   1   2   2   3   3   3   4   5   5   5   5   6   6   6   6   7   7   7   7   9   9   9   9   9  10  10  10  10  11  11  11
COl:     0   4   8   9   1   6   8  10   4   8   1   2   3  11   3   5   7  11   2   4   6  10   5   6   7   9   0   3   5   8  10   1   3   7   9   1   4   6
Channel110 
nnz: 27 
Data:  -31  19  46 -49 -18  38 -19  25  19 -14 -13 -31 -38 -36 -29 -16  49 -38 -20  48 -16  32  33   5 -48 -30   5
ROW:     0   0   1   1   1   2   2   2   3   3   3   3   4   5   5   5   6   6   7   7   7   8   8  11  11  11  11
COl:     1   3   2   8  11   2   5   6   3   6   8   9  11   5   7  11   8  11   3   4   8   3   9   2   4   9  11
Channel111 
nnz: 25 
Data:   40  -9  15  50  -3  21  13  -4  -4 -15  -7 -45   4  -2  42  -6 -25  22  30 -28  43  38  46  48   9
ROW:     0   0   1   2   2   4   4   4   5   5   5   5   5   5   6   6   6   6   7   7   7   8  10  11  11
COl:     2  10   8   7  10   4   5   7   1   2   5   8  10  11   3   5   9  11   4   9  10   7   5   5   8
Channel112 
nnz: 28 
Data:  -39 -40   6 -36 -24   6 -20  -1  20 -10   8  44  41  29 -36  -6  23  15 -16   5 -16 -31  -7 -42  44  15  25   9
ROW:     0   0   0   0   0   1   1   2   2   2   2   2   3   3   3   3   3   3   4   4   7   7   8   8   8   8   9  11
COl:     0   4   7   8   9   4   9   4   6   8   9  11   1   4   5   7   9  11   1  10   7   8   2   3   7   8   1   3
Channel113 
nnz: 30 
Data:   40  32 -33  13  12 -40 -49 -15 -29 -27   5 -13  18 -34   4   7  34 -40  32  29 -19   8   4  38  26 -40 -31   3 -50  37
ROW:     0   0   0   0   0   1   1   2   3   4   4   4   4   5   6   6   6   7   8   8   8   9   9   9   9   9  10  10  11  11
COl:     1   4   7  10  11   6   7   4  11   1   5   9  11   1   6   7  11   5   3   8  10   2   3   5   8   9   2  11   5  11
Channel114 
nnz: 28 
Data:  -49 -39 -36  23 -45 -50  16  19  23 -49  10  17   7 -15  13 -23  14 -27 -29  48 -19  45 -11  19  34 -17  28 -47
ROW:     0   0   0   1   1   2   2   3   4   5   5   5   5   6   6   6   7   7   7   7   7   7   9   9  11  11  11  11
COl:     0   5  11   5   9   4  10   9   1   0   5   6   9   0   1   6   3   5   6   7   9  10   7   9   5   6   7   8
Channel115 
nnz: 24 
Data:   -2  -7 -19 -27 -26 -46  48  48  37 -36  -9 -18   3 -44  50 -46  42  -9 -47  32 -16 -31 -19  49
ROW:     0   0   0   1   1   1   2   4   5   5   6   6   6   6   7   7   8   8   8   9  10  10  11  11
COl:     0   3   6   2  10  11   5   9   5   6   0   5   8   9   1   2   2   8  10   0   7   9   0   9
Channel116 
nnz: 30 
Data:   20 -36  24  44  11 -27  21  45 -12  22 -42  44  24 -33 -12  17  27   6  19  48 -34  46  21 -36 -49  41 -17 -38 -48 -44
ROW:     0   0   0   1   1   2   2   3   3   3   4   4   4   5   6   6   6   7   8   8   8   8   8   8   9  10  10  11  11  11
COl:     3   6   7   0   7   1   5   0   1   7   0   1  11   0   1   3   9   4   1   2   3   5   7   9   7   5  11   3   5  11
Channel117 
nnz: 26 
Data:   33 -30  44 -45 -25  19   5  43  35  16  17 -46   4 -19  48  22 -25 -49 -11 -48  43 -45 -24  14 -22  31
ROW:     0   0   1   1   1   1   2   2   2   2   2   3   3   4   4   5   5   6   6   7   7   7   8   9  10  11
COl:     3   4   2   4   5   9   0   1   4   5   7   2   7   8  10   8  10   1   2   0   5  10   8   0   4   1
Channel118 
nnz: 36 
Data:   -1  17  39  30  39 -30 -21  -3 -32 -35 -39 -27 -37  15 -37   7  47 -37  19  45   8  31 -13 -45 -14 -45 -16 -48  50 -42 -11  41  -6  29 -22  -1
ROW:     0   0   0   0   1   1   1   1   1   2   3   3   4   5   5   6   6   7   7   7   8   8   8   8   8   9   9   9   9  10  10  10  11  11  11  11
COl:     2   8   9  11   1   6   7   8  11  11   3   5   5   1   6   6  11   0   8   9   3   4   6   9  10   3   4   6   8   0   3   8   2   4   5   7
Channel119 
nnz: 34 
Data:  -12  12 -31   1  34  18 -30  17 -37  37 -14  10 -20  35  28  37  47 -24 -23 -32 -31  -6   3 -32 -35  22  42  20  46  40  50  31  20 -46
ROW:     0   0   0   0   0   1   1   1   1   2   2   2   2   3   3   3   4   5   5   5   6   7   7   8   8   9  10  10  10  10  10  11  11  11
COl:     0   3   4   6   7   1   3   4  11   2   7   8   9   0   8  10   1   4   5   8   1   4   5   5  11  11   1   2   5   8  10   0   4  11
Channel120 
nnz: 33 
Data:   10 -37  26  33 -47  22  17 -39  -9  -3 -46  35  30 -11  19  12  41  12 -44 -20   4 -48  -7  -4  -2  28  30   8  -3  17 -24  34  -6
ROW:     0   0   0   1   1   1   1   2   3   3   3   3   4   5   5   5   6   6   7   7   8   8   8   8   8   8   9   9  10  10  10  11  11
COl:     5   7  10   4   5  10  11   5   0   1   5   7   4   0   3  11   2   9   3   9   0   1   2   3   7  11   7   9   0   4   6   4   6
Channel121 
nnz: 27 
Data:  -30  10   2  17  45 -22   6   7  26 -38  21 -20 -31 -11  34 -21  -1  15  17  -3 -26  31  22 -41  42 -44  -5
ROW:     0   1   1   1   2   2   2   3   3   3   5   5   5   5   5   6   6   7   7   8   8   9  10  10  11  11  11
COl:     8   0   5   6   4   7  10   0   2   5   0   1   4  10  11   1   2   0   9   3   4   9   2  11   2   3   4
Channel122 
nnz: 37 
Data:  -49 -14 -10 -50  44  -6 -23  48  42  11  -6 -26  25  33   6 -32  36  50  30  29  48  43 -33   3  44 -10 -37  30 -36  16  35   9  28  27 -19  45  46
ROW:     0   0   0   0   0   1   1   1   1   2   2   2   2   3   3   3   4   4   5   5   6   6   6   6   7   7   8   8   8   8   8   8   9   9  10  11  11
COl:     1   4   7   8   9   2   7   8   9   1   5   6   7   3   4   8   2   9   7  11   1   5   7   9   4   9   1   2   6   7   9  11   2   5   6   0   5
Channel123 
nnz: 39 
Data:  -25  27 -42 -18 -47  -8 -35 -13  24 -19  29  -7   7 -48 -50  39  15 -14  10  43  20  41  43   6   6 -21  39 -41  -3  22   9 -29 -50  48  47 -17 -35 -43 -30
ROW:     0   0   1   1   1   1   2   2   3   3   3   4   4   4   4   4   4   5   5   5   5   6   6   6   7   7   8   8   8   8   9   9  10  10  10  11  11  11  11
COl:     7   8   0   1   3  11   0  11   5   6   8   0   2   3   6   8  10   1   3  10  11   1   6  10   5  11   1   4   6   8   1   4   1   3  11   4   8   9  10
Channel124 
nnz: 34 
Data:   50 -19 -40 -14 -34 -33   7 -30  16  -6  23 -43 -34 -50 -48   8  28 -18  20  -1  40 -22  35 -18 -37 -22 -13  50  26 -46  14  12  11   5
ROW:     0   2   2   2   2   3   3   3   3   4   4   4   5   5   5   6   6   7   7   8   8   9   9   9   9  10  10  10  10  10  11  11  11  11
COl:    11   0   1   2   4   1   4   7  11   0   4  10   0   5   9  10  11   4   7   2   9   0   3   9  10   0   1   2   9  11   2   8   9  11
Channel125 
nnz: 32 
Data:   17 -39  22  50 -35  -4 -25  -5  27 -46 -36  16  -9 -23  23 -14  -2 -43  16 -40 -21   9 -32 -45  46   7 -45 -44   1 -44   2 -46
ROW:     0   1   1   1   2   2   2   2   3   3   3   3   4   4   5   5   5   5   6   6   7   7   7   7   8   8   9  10  10  10  11  11
COl:     4   0   2   5   3   5   8   9   0   4   9  11   1   5   0   5   7  10   4   9   0   4   7  11   1   4   3   0   4  11   0   9
Channel126 
nnz: 29 
Data:  -33 -34 -18 -41 -38 -21 -44 -38  -3  -4 -17  34  47 -35 -26  11 -18 -36  20 -34  26  48 -37   1 -47  38   3  33 -21
ROW:     0   0   1   1   2   3   3   3   3   4   4   5   5   5   6   6   6   6   7   7   8   9   9   9   9  10  10  11  11
COl:     7   9   6  10   4   1   5   6   8   3   7   5  10  11   0   4   5  11   1   6   8   1   2   5   6   0  10   2   5
Channel127 
nnz: 30 
Data:    5  49 -37 -32  23  15   8  40  13  31 -34 -19  12   2  31  36  33  39  33  30   9  42  25 -42  -6 -27   9  11  49 -28
ROW:     0   0   0   0   1   1   1   2   2   2   3   3   3   3   4   5   5   5   5   5   5   6   7   7   8   8   9   9   9  10
COl:     0   1   6   9   1   2  10   1   7  11   0   2   3   7   7   2   4   6   8  10  11   9   1   9   0  11   3   5   9  11
Channel128 
nnz: 38 
Data:  -35 -42  -1 -19  46   4 -38 -28  33  -5  34   6 -27  -6  34  12  16  48  38  25 -23 -34 -45  13 -32 -11  24 -49 -48  -7  15 -16 -31  20   5 -26  45 -15
ROW:     0   0   1   1   1   2   2   3   3   3   3   4   4   4   4   4   5   5   5   6   6   7   7   7   7   7   7   8   8   8   9   9   9   9  10  10  11  11
COl:     4   8   1   4  10   3  11   3   5   8  10   1   4   5   7   9   1   4  11   5   9   0   3   4   6   7  10   2   4  10   2   5   8   9   4   9   5   6
Channel129 
nnz: 24 
Data:    7  -1 -41  44  29 -21  22  -4   8  -1  15 -45  31 -14  14 -11  19 -48  12 -17  26  21  10  32
ROW:     0   1   2   3   3   3   3   4   6   6   6   7   7   8   8   8   9   9  10  10  11  11  11  11
COl:     1   0   9   0   5   6   8   5   0   3   7   6   9   5   8  11   0  11   6   7   2   3   7   9
Channel130 
nnz: 35 
Data:  -42 -36  25  19 -40  11  -2   4  17   8 -10  10  50   8  21 -35 -22 -26 -30  -2 -48  25  20  -6  30 -28  15   8  33 -16  35 -34  44 -43  26
ROW:     0   0   0   0   0   0   1   1   1   2   3   3   4   4   4   5   5   5   6   6   6   7   7   7   7   7   9   9   9   9   9   9  10  10  10
COl:     1   2   4   5   7  11   2   3   9   3   4   6   2   7  10   2   8   9   3   7   8   0   5   6   9  11   0   2   3   6   8  10   1   5   8
Channel131 
nnz: 36 
Data:  -49   6  44  11   9 -22  28  -9 -35  29  20  31 -38  -7 -46  49 -24  17 -27  50 -40 -48   2  37 -37  46 -48 -50  -4   9 -22 -20  49 -24  42  30
ROW:     0   0   0   1   1   1   1   2   2   2   2   2   2   2   2   3   3   3   3   4   5   5   5   6   7   7   7   8   8   8   9   9  10  10  10  11
COl:     2   7   8   3   7   8   9   0   3   4   6   7   8   9  11   2   4   6   9   3   3   7   8   5   0   4   5   0   3   5   3  10   2   6  11   8
Channel132 
nnz: 25 
Data:  -46 -33 -50  14 -37  37 -15  15  31  27 -49  49  42  22 -47  27 -42  25  11  14  27  -5 -32  -3  36
ROW:     0   1   1   2   2   3   3   5   5   6   6   6   7   8   9   9   9  10  10  10  11  11  11  11  11
COl:     9   9  11   2  11   1   3   0   6   2   5  10  10  11   4   5  10   3   8   9   0   2   5   8   9
Channel133 
nnz: 28 
Data:   -9 -32   2  40 -38  20  22 -33 -12   1  16 -18 -46 -16  12  -9 -10   7 -28 -10  -7   6 -25 -30  43  18  -2 -46
ROW:     0   0   1   1   2   2   2   2   4   5   5   6   6   6   7   7   7   8   8   9  10  10  10  10  11  11  11  11
COl:     0   2   0   8   0   1   6  11   8   1   2   1   6   7   1   4   8   2  10  10   0   5   9  11   0   3   6   8
Channel134 
nnz: 29 
Data:   30 -31 -29 -14 -24  -9  -7  39   1  39 -35 -32 -28  42 -12 -44 -44  -4 -10  15  -5  31  -6  -7 -25  41  31  36   2
ROW:     0   0   1   1   1   1   1   2   2   2   3   3   3   5   5   5   5   6   6   6   6   7   7   9   9   9  10  10  11
COl:     0   5   0   1   2   8  10   0   3   7   3   4   5   0   1   3   9   5   6  10  11   0   8   7   8  10   3   8   0
Channel135 
nnz: 32 
Data:  -10  24   4  45 -33 -30 -35  47  12 -28  14  46  46 -38 -27 -23  26 -46  45  43 -18 -34 -21  32  21  23 -39 -33  10 -26  49 -33
ROW:     0   0   0   0   1   1   2   2   2   3   3   4   4   4   5   5   5   7   7   8   9   9   9  10  10  10  10  11  11  11  11  11
COl:     0   3   5  11   2  11   7   8  10   0   1   5  10  11   4   6  10   5   7  10   5   6   9   0   1   5   8   1   2   3   4   8
Channel136 
nnz: 36 
Data:  -10 -10  37   8 -42  14 -37 -47   8   9  14  13  32  38 -27 -27  22  34  29 -49  44  14  35  35  32  33  -8  34 -15  21 -44  38 -10   2 -39  15
ROW:     0   0   0   0   1   1   1   1   1   2   2   2   3   3   4   4   5   5   6   6   6   7   7   7   8   8   9   9  10  10  10  10  10  11  11  11
COl:     3   8  10  11   0   2   5   9  11   2   3   9   0   4   1   6   5  10   1   8   9   2   4   5   7   9   2  10   0   2   5   7   8   2   4   5
Channel137 
nnz: 26 
Data:   12 -45  16 -29  24  14 -39 -37 -19 -17  -4  43 -29  35 -11  47  35 -27 -46 -45  -7 -28 -28  21  -3  22
ROW:     0   0   1   2   2   2   2   3   3   5   5   6   6   7   7   7   8   8   9   9  10  10  10  11  11  11
COl:     2   3  11   0   5   6   7   3   9   5   8   0   7   5   6   9   6   8   4  10   0   2   7   0   7  10
Channel138 
nnz: 24 
Data:    7 -22 -25  48  11  26   7  -3 -26 -18  45 -30  30 -21  21  25 -47  26 -17  21 -15  22 -21  50
ROW:     0   1   1   2   2   2   2   3   3   4   4   5   5   5   6   6   7   7   8   8   8   9   9  11
COl:    10   4  11   1   2   3  10   0   8   2   6   0   4   8   4  11   8   9   4   6   9   6   7   2
Channel139 
nnz: 32 
Data:    8  12   5 -46 -16 -32 -37  27 -23  41 -24 -30  16   3   8  24  18 -38  17  41  30 -37 -15 -25   4  12 -45  -1  29  20  21  20
ROW:     2   2   2   3   3   3   4   5   5   5   6   6   6   6   6   7   7   7   7   8   8   8   8   9  10  10  10  11  11  11  11  11
COl:     3   6   9   1   4   8   6   3   6  11   2   6   7   8  10   0   2   5   9   0   2   4   5   5   4  10  11   2   4   6   8  10
Channel140 
nnz: 34 
Data:  -16 -23  22  -6  18  31 -29  14   4 -11 -17   4 -34  43 -41  -5  37  -2 -36 -24  42  42  18 -42  39  -5  12  35  18 -23  47 -47 -39 -42
ROW:     0   0   1   1   2   2   2   3   3   3   4   4   4   5   5   6   6   7   7   7   7   7   8   8   8   8   9   9   9   9   9  10  10  11
COl:     1   7   0   9   8   9  11   0   3  10   0   1   4   3  10   3   9   0   1   2   4   7   1   2   5   8   0   1   6   7  11   5   7   7
Channel141 
nnz: 37 
Data:  -37  40  17  50   2  32 -22 -37 -48  32  24  -2  34  17 -49   3   1 -12  50   7   2 -21  20  36  29 -44 -12  37  -2  42 -39  48 -34 -17 -43  34 -23
ROW:     0   0   0   0   1   1   1   1   1   2   2   2   2   3   3   3   4   4   4   5   5   5   5   6   6   6   7   7   7   8   8   8  10  11  11  11  11
COl:     3   4   9  11   0   6   7   8  11   1   6   8   9   0   2   3   6   7   9   0   4   9  10   3   4   7   7   8   9   1   2  10   9   1   3   5   7
Channel142 
nnz: 32 
Data:  -20  32 -40  47 -13  -1 -37  48 -17  -2  33  -8 -40  43 -18  41  49  10 -18 -15 -28  -2  -8  -5 -45  21  35  32   1  26 -36  41
ROW:     0   0   1   1   1   2   2   2   2   3   3   3   3   4   4   4   4   5   6   6   6   7   7   8   9   9   9  10  10  11  11  11
COl:     4   9   2   3   7   1   5   7  10   0   4   7   8   3   7   9  10  10   0   1   4   1   9   4   5   7  11   6   9   2   3  11
Channel143 
nnz: 31 
Data:  -15 -23  13 -38  -9   1   3  17  11  34 -42  24  -5  44 -11  -5  13 -29 -38   1  34  29 -19 -48 -44   6  23  22  31  33  10
ROW:     0   0   1   1   2   2   3   3   4   4   4   4   5   5   5   6   6   6   6   7   7   8   8   9   9   9   9  10  10  11  11
COl:     1   9   3  10   6   7   1   9   1   7   8   9   5   6  10   0   5   9  10   1   8   5  11   1   2   7  11   1   6   3  11
Channel144 
nnz: 36 
Data:  -17  -7  11  37 -33  16 -32 -33  28  48 -14 -21  45 -38  15  -8 -34  48  27 -40 -43  17 -13  -4  11  29  15  46 -43 -30  22  39  -7 -33  21 -17
ROW:     0   0   0   0   1   1   1   1   1   1   2   2   3   3   3   3   4   4   5   6   6   6   6   6   6   7   7   7   8   9   9   9   9  10  11  11
COl:     1   4   5   8   1   3   4   5   8  10   7   8   2   4   7   8   0  11   0   1   2   4   5   8   9   2   5   6   4   2   5   6  11   0   6  11
Channel145 
nnz: 28 
Data:  -16  41 -39  33 -20 -18  10 -26   4 -11 -33  39 -48   7  23  -4  38  31  42 -22 -16 -13   5 -21 -32  17 -15 -43
ROW:     0   0   0   1   1   1   2   2   2   3   3   3   3   4   4   4   6   6   6   6   7   7   9  10  10  11  11  11
COl:     2   6   9   3   4  10   1   2  11   3   4   5   6   3   4  10   1   5   9  11   3  10   7   3  11   0   1  11
Channel146 
nnz: 38 
Data:    6 -29 -27  -1  46  33 -36  -1  50  15 -39  -3 -50   3  42  13  -2  23 -36 -17 -27 -26  20 -43 -27 -34  48 -47  -9 -39 -20 -11   7  44 -30  23  14  43
ROW:     0   0   1   1   2   3   3   3   4   4   4   4   4   5   5   6   6   6   6   7   7   7   8   8   8   8   8   9   9  10  10  10  10  11  11  11  11  11
COl:     6   8   9  11   3   3   4   8   2   7   8   9  11   0   9   6   7   9  11   1   3   8   0   2   6   7   9   2  10   0   3   4   7   2   4   6   7   8
Channel147 
nnz: 34 
Data:    5 -32 -40  -3   6  41 -38  43   7  15 -15   9  27 -31 -43 -36  50  27 -38 -49 -50  50  46  21 -30  17  -2 -30  11  11 -44  -3 -28 -24
ROW:     0   0   0   0   1   1   2   3   3   3   4   4   4   5   5   5   6   6   6   6   7   7   8   9   9   9  10  10  11  11  11  11  11  11
COl:     1   4   5   6   6   8   3   1   2   4   2   7   9   1   6   9   2   4   5   9   5  11   7   1   2   6   2   5   1   2   3   4   7   8
Channel148 
nnz: 23 
Data:   -5 -49  -7 -36 -37  48 -11  -7 -47  47  19 -42  39  33 -43 -50  13   9 -38 -50  -3  12 -44
ROW:     0   1   2   2   2   3   4   4   4   5   5   5   6   7   8   8   9  10  10  10  11  11  11
COl:     7   4   1   3   6   7   0   5   7   3   5   6   0   3   1   4   1   0   1   9   0   2   7
Channel149 
nnz: 38 
Data:    5 -25 -41 -37  23  29  44 -47  24 -46  17 -48  35   4  35 -24 -22  42 -35  -2  18 -29 -46 -18  23 -20  18 -12  24  12 -30  30  46 -37   4  44   2 -47
ROW:     0   0   0   0   1   1   1   2   2   3   3   3   4   5   5   5   6   6   6   6   6   6   7   7   8   8   8   9   9   9  10  10  10  11  11  11  11  11
COl:     0   1   2   6   0   3   7  10  11   3   6  11   2   6   7  11   1   4   5   6   8   9   7  11   1   3   5   1   3   7   3   5  10   2   4   6   9  11
Channel150 
nnz: 37 
Data:  -28   3  -8   9 -43  49 -37 -38  -7  19 -28 -47  14  46 -43  41 -12   2   7 -38  36  35 -40 -10  44 -22 -20 -43 -22  -6 -44 -14  15  -8  -9  10  39
ROW:     0   0   1   1   1   1   1   3   3   3   3   3   4   4   4   4   5   5   5   5   5   6   6   6   7   7   7   8   8   8   9   9   9   9  10  10  11
COl:     3   9   2   5   8  10  11   2   4   6   9  10   2   4   5   6   0   3   6   9  10   1   2   8   2   3   4   2   7  10   4   7   9  10   7   9   2
Channel151 
nnz: 34 
Data:    1 -43 -36  40  -6  13  50  20   6  22  -6  -2  34  48  48 -31   8   2  40  40 -18  17  14 -28  16   7  29  28  23 -45 -28 -15  27 -36
ROW:     0   0   0   1   1   1   1   2   2   2   2   2   3   3   4   4   4   4   4   4   4   5   5   5   6   8   8   8   9   9  10  11  11  11
COl:     0   7   9   4   5   8   9   1   2   5   9  11   5   6   2   3   5   8   9  10  11   2   4   5   3   3   8  11   1  10   5   2   9  11
Channel152 
nnz: 33 
Data:  -24  -4 -39 -13  25  37 -17 -42  13 -40  -1  39 -36  39   9  25 -27 -34 -17  49 -42  25 -33  47  22  43  28 -16 -32  15   1  36   8
ROW:     0   0   0   0   0   1   1   1   1   1   2   2   3   4   4   4   4   5   5   5   6   7   8   8   8   9   9   9  10  10  10  10  11
COl:     0   1   3   4   5   1   2   6   8  11   1   7  11   0   1   3   7   0   4  11   5   1   5   6  11   0   1   3   4   6   9  10   5
Channel153 
nnz: 25 
Data:    8   7  12  43 -43 -44  26 -15  10  46 -45 -50  13   9 -15  12 -46  49  -6  32  19  39 -31  43  -3
ROW:     0   0   0   1   2   3   3   4   4   5   5   5   5   6   7   7   8   8  10  10  10  10  11  11  11
COl:     1   2  10   9   3   2   7   2   7   5   6   8   9   2   7  11   7   8   1   4   9  10   0   4   7
Channel154 
nnz: 33 
Data:  -29  38  30  -6  40 -31  42 -24  -6  -9  36  32  24   2   8 -19  22  30 -17   9  -9  39   3 -44  36 -42  25  49  14   6  43  -3 -18
ROW:     0   0   0   1   1   1   1   2   2   2   3   3   4   4   4   5   5   6   6   6   7   7   8   8   8   8   9   9   9   9  10  11  11
COl:     1   4  10   0   5   8   9   0   2  10   0   2   4   6  11   3   5   1   3   8   3  10   3   4   5   9   1   2   3   4   9   4  10
Channel155 
nnz: 33 
Data:  -41   6   1  17 -35  14 -39  17  -8  26  39 -27 -40 -39  42  48  10  41  13  -8 -35 -49 -40   9 -13  18 -41 -41   3 -33 -46 -16 -15
ROW:     0   0   0   1   2   2   3   3   3   4   4   4   4   5   5   5   6   6   6   7   7   7   8   8   8   8   9   9   9  10  10  11  11
COl:     3   6   9  10   6  10   6   9  10   2   7  10  11   0   2  10   0   3   5   1   2   5   3   4   9  11   1   6  11   3   9   1  10
Channel156 
nnz: 42 
Data:  -23  39  40 -44  15 -14  12  45  -6  41 -34   5   2  25  21  36 -42  46 -22   3  23   9  43   6 -43  37 -34  29  38   7  34  16 -34  -1   7  35  11 -49 -38  46 -25 -34
ROW:     1   1   2   2   2   3   3   3   3   3   3   4   4   4   5   5   5   5   5   5   6   6   7   7   7   7   7   8   8   9   9   9   9   9  10  11  11  11  11  11  11  11
COl:     3   4   3   6   9   1   2   4   5   8   9   0   4   7   2   5   6   9  10  11   1  11   0   1   3   5   8   6   7   3   4   7  10  11   6   0   2   5   6   8   9  11
Channel157 
nnz: 35 
Data:  -46 -45  15  28  40 -41  13  13 -32 -15 -44  20 -20  11  40  41  23 -17 -24  23 -47  11 -17 -24  18  16 -47  41  36  -4 -22 -33  16 -14 -20
ROW:     0   0   1   1   1   1   2   2   3   3   4   4   4   4   4   5   5   5   5   6   6   6   7   7   7   7   7   8   8   8   9   9  10  11  11
COl:     2   3   2   3   5  11   0  10   2   6   2   5   7   8  10   1   4   5   9   0   6   9   1   2   3   7   8   0   7   9   5   9   9   2   3
Channel158 
nnz: 38 
Data:  -35 -26  40  32  11  40   9  -2  -2  41 -16 -47  36 -21   3   1  17 -15 -22 -14 -25  27 -44  -3  13  14  15 -15  48 -11  29   3  16  11  46  45 -49 -14
ROW:     0   0   0   1   2   2   3   3   3   3   4   4   4   4   4   5   5   5   5   5   5   5   6   6   6   7   7   7   8   8   9   9   9  10  10  10  10  11
COl:     2   9  11   1   1   5   0   5   7  10   0   6   7   8   9   2   3   4   7   9  10  11   6   7   8   3   4   6   3   8   0   5  10   0   3   7  10  11
Channel159 
nnz: 31 
Data:   37  50 -36 -45 -19  33 -47   2  28  33 -38 -35  21 -22  24 -18  41 -25 -49 -50  29  20  -7 -40   1 -41 -10  41  -8 -43   2
ROW:     0   1   1   2   2   2   3   3   3   4   4   4   4   5   6   6   6   7   7   8   8   9   9   9  10  10  11  11  11  11  11
COl:     0   0   5   0   4   7   0   1  11   1   4   9  11   7   2   3   7   0   9   4  11   7   9  11   5   9   2   4   6   7   8
Channel160 
nnz: 30 
Data:   27  44  37 -34  16 -35 -22 -21 -50 -34   5   8  25  11 -46 -17   2  48 -12  -8  -4 -31   9 -17  12  37 -38  -2  18  17
ROW:     0   0   0   1   1   1   1   2   2   3   3   3   3   4   5   5   5   5   6   6   6   7   8   8   9   9   9  10  10  10
COl:     2   4   5   5   6  10  11   5  10   0   3  10  11   9   4   6   8  10   0   4  10   9   3   8   1   3   4   1   5   9
Channel161 
nnz: 24 
Data:  -48  26 -17  28  16 -43 -32 -48  42 -12 -32  15 -17   3 -48  15 -33  37 -41  15  34  43  15  29
ROW:     0   1   1   2   3   4   5   5   6   6   6   7   8   8   8   8   9   9   9  10  10  11  11  11
COl:    10   1   6   1   0   7   7  11   2   3  10   1   6   8   9  11   6   9  11   3   8   1   3  10
Channel162 
nnz: 27 
Data:   18  46  -3 -34  48 -45 -31   9  22  19  45 -50 -33  49  16 -31 -11 -26   4 -13  -9  23 -45  23  36  -6  29
ROW:     0   0   1   1   2   2   3   4   4   4   4   5   5   6   6   7   7   7   8   9   9  10  10  10  10  11  11
COl:     6  10   4   9   5  11   4   3   5   7  10   0   7   2   6   1   2   9   9   2   3   0   2   4   8   0   1
Channel163 
nnz: 31 
Data:   15 -48  30  26  40   6  -6 -33   7  20 -14  45  43 -47 -20  37 -30  -1  -6  26  -1 -38  32  34  44 -21  16 -40  32  45  -3
ROW:     0   0   0   0   0   1   1   2   2   2   3   4   4   4   5   5   6   6   7   7   7   7   8   8   9   9   9  10  10  11  11
COl:     0   1   5   7   9   7   8   5   7  10   0   3   7  11   1   4   2   9   2   7   8   9   4   9   1   7  10   2   4   6   8
Channel164 
nnz: 24 
Data:   49   4  11  -2  28 -15 -46 -33  17  41  15 -30   2 -17  -3 -37 -49 -25  44 -40  -3  28 -15  34
ROW:     0   1   2   3   3   3   3   4   5   5   7   7   7   7   8   8   9   9   9   9   9  11  11  11
COl:     9   2   3   3   6   7  10   6   3   5   0   2   6  10   2   7   1   6   8  10  11   2   4   7
Channel165 
nnz: 17 
Data:   39 -38  43 -21 -14  15  41  16   5  28 -33  24 -50 -34  27   9  -9
ROW:     0   0   1   1   2   2   5   5   6   6   7   7   8   9   9  11  11
COl:     2   8   6  10   6  11   4   8   4   7   4   6   3   4   5   0   6
Channel166 
nnz: 30 
Data:   11  33  -9   6  13 -18  -8  19  19  28  18 -31 -45  -3  42  12 -40  48 -32 -26 -40 -23  -4  29 -50 -36 -25 -42   9  36
ROW:     0   0   0   0   2   3   4   4   4   5   5   5   5   6   7   7   7   8   8   8   9   9  10  10  10  10  11  11  11  11
COl:     0   7   8  11   4  11   1   3   5   0   1  10  11   1   2   3   8   1   4   7   0   9   0   1   4  10   4   8  10  11
Channel167 
nnz: 37 
Data:   -3  29  -7 -36  18  21  42 -48  50 -43  43 -20  28 -15 -32  -3  21 -32  41  15 -20 -43 -48  22  24 -36 -47 -11 -48 -29 -27  21   4  28 -33  30 -21
ROW:     0   0   0   1   1   1   1   2   2   2   2   3   3   3   4   4   4   5   5   5   5   5   5   5   6   6   7   8   8   8   8  10  10  10  11  11  11
COl:     5   6   9   0   6   8  10   0   1   5   9   0   8  10   1   3   9   1   2   3   4   6   7  11   2   6   7   0   2   9  11   0   1   8   2   6   7
Channel168 
nnz: 28 
Data:   45  43  17 -15 -22 -29 -11 -40  14  49 -30 -41 -47  32 -38  38 -43 -34 -50  38  23 -23 -44  47   8  29  32 -32
ROW:     0   0   0   1   1   1   1   2   2   2   3   3   4   4   5   5   5   6   6   6   7   9   9   9  10  10  11  11
COl:     0   4  10   2   4   7   9   1   5  11   8  11   0   7   1   5  10   0   1   8  10   0   5  11   2  10   1   3
Channel169 
nnz: 34 
Data:  -49   3 -50  44  28 -21  20 -10  15 -45 -26  17  29  47 -20  31   7 -15 -32 -48   9  15  13  31 -28   5 -27 -19  45  25  16 -28 -25 -44
ROW:     0   0   0   1   1   1   1   2   2   3   3   3   4   5   5   5   5   5   6   6   7   7   8   8   9   9   9   9  10  10  10  11  11  11
COl:     0   3   5   1   3   4   9   0   7   0   5   6   3   0   3   7   9  10   4   6   1  10   2   6   0   3   4  11   8   9  11   0   4   6
Channel170 
nnz: 33 
Data:  -44 -34  24 -35  11  48  -9 -22  46 -17  40 -23  -9  37  40 -15  21 -49 -25 -21  17   1 -38 -17 -26  19  -5  41 -13 -17 -31  19  43
ROW:     0   0   0   1   1   2   2   3   3   3   3   4   4   4   5   5   5   5   6   7   8   8   8   8   9  10  10  10  11  11  11  11  11
COl:     1   8  11   6  11   0  10   1   3   4   9   0   1  11   3   7   8  10   2   3   1   3   7  11   7   0   4   5   0   2   4   8   9
Channel171 
nnz: 31 
Data:  -22  30  -1  39 -10  24 -26 -12 -46  -4  38  40  27   9  -9  20 -34 -12  28 -40 -44  23   3  13  45  21 -45 -14  20  38   1
ROW:     0   0   0   0   1   1   2   2   2   3   3   4   4   5   5   6   6   7   7   7   8   8   9   9   9  10  10  10  10  11  11
COl:     2   4   7   8   0   6   2   3   9   0   9   1  10   9  10   4   6   0   5   6   3  10   5   6   7   1   2   5   6   2  11
Channel172 
nnz: 32 
Data:  -13   6 -30  27  -2  22 -28 -12  47  15   1   8   8  18  -4  21  23  28  -8  50  40   3 -24  24 -22 -39 -13  47 -24 -25 -36  50
ROW:     0   0   1   1   2   2   2   2   3   3   3   4   4   4   4   5   5   5   6   6   6   7   8   9   9  10  10  10  10  10  11  11
COl:    10  11   6   8   0   2   4   6   1   8  11   2   4   8  11   0   5   7   1   3  11   7   0   0   4   1   3   7   9  11   2   8
Channel173 
nnz: 31 
Data:  -23  -3   9  50   4  13  46 -46  42  23 -24  19 -18  35 -11  45 -22  15 -38  15 -22  16  48 -18  10  40  -8 -27   5  13 -35
ROW:     0   0   0   0   1   1   1   1   2   2   3   3   3   4   4   4   4   5   6   6   7   7   8   8   9   9   9  10  10  11  11
COl:     4   7  10  11   0   4   8  11   3  11   1   4   6   1   5   6   8   0   6   9  10  11   2   4   2   3   7   0   8   0   2
Channel174 
nnz: 29 
Data:   22  31  14   1 -21  -9   7 -48  47 -30  34  -2  11 -32 -24  24 -50 -13 -14  39  13 -25 -18   1 -12  21  -3  -9 -39
ROW:     0   0   1   1   1   2   2   3   3   4   4   4   4   4   4   5   7   7   8   8   8  10  10  10  10  11  11  11  11
COl:     2  10   1   4   7   2   8   4  11   0   3   4   6   8  11   2   2   6   0   6   8   2   4   8  10   0   1   4   6
Channel175 
nnz: 39 
Data:   47   3  39  46   6  25   9 -31  34   3 -13   7 -43 -24  -9 -26  47   9 -26   4 -24 -49  33  31 -36 -17 -18 -43 -46  32 -26  -4  -7  10 -43 -48  -2  46   5
ROW:     0   0   1   2   2   2   2   2   2   3   4   4   4   5   5   5   6   6   6   6   7   7   7   7   7   8   8   8   8   8   9   9   9   9  10  10  10  11  11
COl:     0   3   2   1   4   6   7   9  11   1   2   9  10   1   5   6   0   5   7   9   1   4   5   6  10   0   1   6   7  10   0   1   2   4   0   8   9   4   6
Channel176 
nnz: 28 
Data:   48  -5  45 -15   1 -14  -3  21 -33 -27  42   1  36  28 -15  37 -29 -27 -16 -16 -20  37 -26  18  28  21 -37  27
ROW:     0   0   1   1   1   1   2   3   3   4   5   5   5   5   5   6   6   7   8   9   9   9   9  10  10  11  11  11
COl:     1  10   0   2   4  11   6   1   2   3   1   2   6   7   8   4   7  10   6   1   3   8  11   0   1   1   6   8
Channel177 
nnz: 34 
Data:   44 -20 -17 -32  33 -44  39  40  37 -43 -13   1 -40  50 -21 -48 -14  11 -43  18   9  50  12 -11   5  10 -43  41  48  37  -3  -9  23  -5
ROW:     0   0   0   0   1   1   2   2   2   3   3   3   3   4   5   5   5   6   6   6   7   7   7   8   8   8   8   9   9  10  10  11  11  11
COl:     6   8   9  11   4   8   0   6   8   2   7  10  11   9   1   3   9   2   4  11   2   7  11   0   3   9  10   1  11   8  10   0   3  11
Channel178 
nnz: 35 
Data:    9  36  17 -32  39 -37 -42 -17 -35  22 -18  20  28  45   1 -19 -38  48 -21  -7 -12 -44  -1 -50   2  44  -6  41  10 -21  -6 -40  24  -2  38
ROW:     0   0   1   1   1   1   2   2   2   2   3   3   4   4   5   5   5   6   7   7   7   8   8   8   9   9   9   9  10  10  10  10  10  11  11
COl:     6  11   4   7  10  11   2   4  10  11   5  10   3   8   3   7   9  11   3   4   9   8   9  11   2   3   9  11   1   5   7   9  11   6   9
Channel179 
nnz: 28 
Data:   35 -50 -38  28  10  39 -49 -26   6 -17 -43 -43 -11  23 -38 -32  43  26 -35 -14  25  48 -38   1  45 -50  13  -1
ROW:     0   0   1   2   2   3   3   4   4   4   5   5   5   5   6   6   6   7   7   7   7   8   8   9  10  10  11  11
COl:     7  10   1   0   7  10  11   1   3  11   0   4   8   9   0   6  11   5   6   7   9   1   8   7   0   1   1  11
Channel180 
nnz: 31 
Data:    1 -38 -46  27  48  15 -37 -29  35 -47  34 -34 -37 -25  42 -37  -4  17 -49  11 -29  35  34  27 -35  -6 -50 -39 -13 -16  14
ROW:     0   0   1   1   1   1   2   2   3   4   4   4   5   5   5   5   6   6   7   7   7   8   9   9   9  10  10  11  11  11  11
COl:     8   9   0   1   5   9   3  10   3   4   5   8   1   7   8  10   2   3   4   7  10  10   2   9  10  10  11   0   1   2   4
Channel181 
nnz: 37 
Data:  -23 -50  17  26  24  31 -44   4  27 -20 -38   3 -40  10   7  33 -50  34  12  -9 -10  27 -12  34 -34 -20  32 -18 -34  46  22 -23 -18  46   3  13  28
ROW:     0   0   1   2   2   2   2   3   3   4   4   4   5   6   6   6   6   6   6   7   7   7   7   8   8   8   8   8   9   9   9   9  10  10  10  11  11
COl:     5   7   7   0   3   4   8   7  11   0   9  11  10   0   2   7   8   9  10   1   5  10  11   0   3   4   6   7   2   6   8  10   2   3   8   2   6
Channel182 
nnz: 32 
Data:   14  -1  47 -11 -37 -48  32  17 -46  -5  25 -43  48   1 -35  19  33 -21  36  25 -34 -20  15   5 -44 -34 -37 -22  40 -10  25 -21
ROW:     0   0   1   1   1   2   2   3   3   4   4   5   5   6   6   7   7   7   7   8   8   8   8   9   9   9   9  10  10  11  11  11
COl:     0   7   1   4  11   4   5   0   7   5  11   4   6   2  10   4   5   6   8   1   6   9  10   1   3   4   5   2  11   8   9  11
Channel183 
nnz: 27 
Data:  -45 -35  37  28  -6 -40 -10   5 -12 -30 -17   3  -6  18  39 -38  10 -44 -26  32  31 -43 -17  -3  31 -24  -5
ROW:     0   1   1   2   2   3   3   3   4   4   5   5   5   6   7   7   8   8   9  10  10  10  10  10  11  11  11
COl:     6   7  10   4   8   1  10  11   2   5   0   1   7   2   6   9   8  11   7   2   4   7   8  11   0   1   5
Channel184 
nnz: 27 
Data:   47  37  43  31  11  45 -19 -50  22 -48   6  17   5  38   8  50  46  24 -20 -25 -28  28 -27 -19   7 -43 -27
ROW:     0   1   1   2   2   3   3   3   4   4   5   5   5   5   6   7   7   8   8   9   9   9   9  10  10  10  10
COl:     1   0   7   5   9   6   9  11   2  10   0   1   7   8   6   0   5   2   6   2   3   9  10   3   4   9  10
Channel185 
nnz: 28 
Data:  -40 -22  48 -23 -42  41  46 -27  15 -45 -43 -42  46  41 -31  16   2  41 -31  -1 -27 -48 -11 -46 -41  -8  12 -16
ROW:     0   0   0   1   2   2   3   3   3   4   4   5   5   6   6   7   7   8   9   9   9   9  10  10  10  11  11  11
COl:     6   8  10   0   4   7   1   3   9   7  11   2   9   7  11   5   9   5   4   5   6  10   7   8  10   0   4  11
Channel186 
nnz: 41 
Data:    2  12  -6 -26  -9  24 -11  16   2  13  37  -1  28 -33  46 -40 -34 -43   4  45 -37 -26  47  43   8 -40  -2 -18  40 -49  37  43  -9  35  34  37 -38  -5  17 -11  46
ROW:     0   0   1   1   1   1   1   2   2   2   2   2   3   3   3   4   5   5   5   6   6   6   7   7   7   8   8   8   9   9   9   9   9  10  10  10  10  10  11  11  11
COl:     0   1   1   2   3   6  11   0   1   5   8  11   3   6  10   6   6   9  10   3   6   7   0   6   9   1   9  10   0   1   2   4   9   0   1   2   3  11   0   2   4
Channel187 
nnz: 33 
Data:   -9  -3   6 -45 -35  23  10 -21  28 -50   3 -15  49 -21  24  42  50 -40 -49 -31   9  10 -11  48 -49  28  -4  23   1 -22 -36  24 -18
ROW:     0   0   1   1   1   1   2   2   4   4   4   4   5   5   5   6   6   6   6   6   6   7   7   8   9   9   9   9   9  10  10  10  11
COl:     1   9   2   3   5  11   0   6   0   1   4  11   2   4   7   1   5   6   9  10  11   3   6   9   1   2   3   9  11   0   4   8   0
Channel188 
nnz: 44 
Data:   44 -29  39 -42 -39  18   8 -50 -47 -10 -31 -20  37  12  47 -48 -27  40  39 -30  -9 -17  -4 -46  43 -33 -27  24  14  19   4  41 -39 -25 -27  38  -5 -13 -32  29  23 -15  -2 -49
ROW:     0   0   0   1   1   1   1   2   2   2   3   3   3   4   4   4   4   4   5   5   6   6   7   7   7   7   7   7   8   8   8   8   9   9   9   9   9  10  10  10  10  11  11  11
COl:     0   2  10   1   3   7  10   2   3   4   1   3   4   1   3   5   7  11   3  11   5  11   0   2   4   5  10  11   0   3   4   6   1   2   3   9  10   0   1   2   9   0   6   8
Channel189 
nnz: 43 
Data:   -7  24  34 -35 -44 -49 -41  -4   6  21  -3 -20  42  40  45   4   5   2   7  39  42 -11 -12   2 -23 -18 -37  33   1  12 -25  16  48   1 -41  16 -30 -27  49   1 -44   7 -40
ROW:     0   0   0   1   1   2   2   2   2   3   3   3   3   4   4   5   5   5   5   6   6   6   7   7   7   8   8   8   8   9   9   9   9   9   9   9  10  10  10  11  11  11  11
COl:     1   5   8   3  10   3   6   8  10   4   5   6  11   4   9   4   7   8   9   8   9  10   2   9  11   0   5  10  11   0   2   3   4   7   8   9   0   1  11   0   4   6  10
Channel190 
nnz: 33 
Data:   48  -6  23  40  -6 -33  -3  43  -8  25  11  -5   6 -42 -23 -20 -39 -23  -8  -7 -45  35 -44  24  21  23  -1 -35  -7  28 -34  28 -15
ROW:     0   0   0   1   1   1   1   1   1   2   2   3   3   3   3   4   5   5   5   7   7   7   7   8   8   9   9   9  10  10  10  11  11
COl:     0   4  10   0   3   4   5   7  11   0  10   0   2   5   8   6   3   4   9   0   6   9  11   3   6   4   9  10   3   7  11   1   9
Channel191 
nnz: 40 
Data:    3  37 -42  33 -32 -43  22   7 -46  -8 -33 -43  30  25 -27  18 -41 -34  49  33  21 -44  28 -47 -13  16  22 -16  35   7  39  38  16 -20 -47 -48  19 -35 -33 -18
ROW:     0   0   0   1   1   2   2   2   2   3   3   3   3   4   5   5   5   5   6   6   6   7   7   8   8   8   8   8   9   9   9   9   9  10  10  10  10  11  11  11
COl:     1   3   6   5   7   1   4   5  10   4   5  10  11   4   2   5   9  11   0   8   9   3  10   4   5   7   8  10   0   2   7  10  11   0   4   5   9   1   3   7
