Channel0 
nnz: 31 
Data:   20  34  41   9 -28   2   1 -11  54  -8  -2  -6   2  59  19  54 -19 -28  43 -18  -6   1   5  43   7  -3  14   9 -22  37 -37
ROW:     0   0   2   3   4   4   4   4   4   5   5   6   6   7   7   7   7   7   7   7   8   8   8   9   9   9   9   9   9  10  11
COl:     4   6  10   7   0   1   2   3   6   2  10   1   5   0   2   4   6   8   9  10   1   7   8   0   1   2   3   6  10   3   4
Channel1 
nnz: 28 
Data:  -36   3   9 -43  41  42  48  32 -25   8 -25  61  52 -30   7  55  20   4   9   5 -10  -6 -19 -13 -31  -5 -44  52
ROW:     1   1   3   3   4   4   4   4   4   6   7   7   7   7   7   7   7   7   8   8   8   8   9   9   9   9  10  11
COl:     2   5   2   7   1   2   4   6  11   8   3   4   5   6   7   9  10  11   0   4   7   8   2   4   6  11   6  10
Channel2 
nnz: 33 
Data:    7 -25  48  75 -61 -10 -21  10  59  58   9   7  -7   3  -4   5   7  44 -22  43 -13  14  42   5  -1  41 -16 -21 -20  20  38  65 -66
ROW:     0   0   0   0   1   2   4   4   4   4   4   5   5   5   5   6   6   7   7   7   7   7   7   8   8   9   9   9   9   9   9   9  10
COl:     1   7   9  10   7   6   0   2   5  10  11   4   6   9  10   1   2   0   1   2   3   9  11   3   9   0   2   3   4   5   8  11  11
Channel3 
nnz: 28 
Data:  -49 -58 -27  32  -3  61  61   4   3   7   3   1  -3  42  53   2  41  41   8   6  -3  17  50 -14   9  57  38  52
ROW:     0   1   4   4   4   4   4   5   5   5   6   6   6   7   7   7   7   7   8   8   8   9   9   9   9  10  11  11
COl:     3   2   1   2   4   6   8   1   4   7   0   5  11   0   4   5   6  11   1   8  11   0   2   4   7   6   1   3
Channel4 
nnz: 26 
Data:  -48  24  16  42  11  -8  -1 -19   2   5  -4  22 -34   4   6 -35  10 -10  -2   1   6  19  62  37  36  14
ROW:     0   3   3   4   4   4   4   4   5   6   6   7   7   7   7   7   7   8   8   8   9   9   9   9   9  11
COl:     5   4  11   0   2   7   9  10   1   1   6   0   4   5   7   9  10   7   8  10   0   1   2  10  11   9
Channel5 
nnz: 39 
Data:   10 -14  17 -16 -32  10  21  40   1  46  27  -3  -2   7   6   2   7   7 -20  12  23  54  -8  61  42  60  -7  -9   4   7  -5 -12  62  23   7   9  50 -21 -34
ROW:     0   0   0   1   1   3   4   4   4   4   4   5   6   6   6   6   6   6   7   7   7   7   7   7   7   7   8   8   8   8   9   9   9   9   9   9   9   9   9
COl:     6   9  10   5   7   7   1   5   7  10  11   3   0   2   3   4   6   7   1   2   3   4   5   7   8   9   1   4   5  10   0   1   3   4   5   6   9  10  11
Channel6 
nnz: 35 
Data:   25  12  34  53  35 -11  47  16   8   4  38   9 -26   9   5  -1   7   2  10 -24  54  42  49 -10  -9  -4  -1  -8  25  -3  30  39 -43  47  36
ROW:     2   3   3   3   4   4   4   4   4   4   4   4   4   5   5   6   6   6   7   7   7   7   7   8   8   8   8   9   9   9   9   9  10  11  11
COl:     4   0   3   6   0   1   3   4   5   7   9  10  11   2   7   0   9  10   0   3   6   7   8   2   6   9  10   3   8   9  10  11   3   6   7
Channel7 
nnz: 30 
Data:   69 -31  34  23  -3   1  -4   6   7  -4   4   7 -33 -33 -29 -20  -1  31 -12  -1  22  -6   9  -2 -29 -14  32   3   8  51
ROW:     2   4   4   4   5   5   5   5   5   6   6   6   7   7   7   7   7   7   7   7   7   8   8   8   9   9   9   9   9  10
COl:     5   3   7   9   0   1   2   6   9   1   2   6   0   1   2   3   4   6   7  10  11   4   7   9   3   4   9  10  11   1
Channel8 
nnz: 37 
Data:  -35  48 -33  83  -6 -25  -8 -29  43  36 -27  13   4   8   8   5  -5  -2   2 -34 -27  58  26  -2  -7   4   7  -2  55 -21   3  -4 -33  28 -38 -44  22
ROW:     0   0   0   1   2   2   4   4   4   4   4   4   5   5   5   5   6   6   6   7   7   7   7   8   8   8   8   8   9   9   9   9   9   9  10  11  11
COl:     0   2   7   1   0   1   0   1   3   5   7   8   0   2   3   6   0   5   9   1   5   6   7   0   1   5   6   8   0   3   4   7   9  11   0   1  10
Channel9 
nnz: 32 
Data:   59 -41 -52  27  -1  11  -3 -19  -9  30  -9   3   9 -10   7   9 -10   4  -6  50  -2  14  18  -8  43 -31  18  54  10 -42  -2 -42
ROW:     1   2   3   4   4   4   4   4   4   4   4   5   5   5   6   6   6   6   6   7   7   7   7   9   9   9   9   9   9  10  10  11
COl:     3   8   3   0   3   4   5   7   9  10  11   0   1  10   1   3   4   9  10   0   1   4   9   0   2   3   7   9  10   0   9   4
Channel10 
nnz: 26 
Data:   29 -43 -48 -26   2  48  18  31  -3  -4  -5 -20  18 -29 -11  64  -2 -10  -2  26 -10  60  41   5 -40  53
ROW:     0   2   3   4   4   4   4   4   6   6   6   7   7   7   7   7   8   8   9   9   9   9   9  10  11  11
COl:     6   1   9   0   3   4   8  10   4   5   8   2   4   5   9  10   7   9   1   2   4   7   9   2   2   3
Channel11 
nnz: 31 
Data:    5 -60  59  27 -18 -24  21 -16  40  -4   7   4   4  22  11  13 -23  -6  21 -10  -9   4  -5   3  18  32  44  65  46  65  59
ROW:     0   0   1   2   4   4   4   4   4   5   6   6   6   7   7   7   7   7   7   8   8   8   8   8   9   9   9   9   9   9  10
COl:     8  10   9   2   2   3   4   5  11   5   0   5   8   2   4   5   7   8  10   0   1   2   9  10   0   2   4   5  10  11   5
Channel12 
nnz: 40 
Data:   -5 -32 -64 -11 -12 -35 -19  30 -20  14  40   4  -6   3  -6   4  -4   6  26   7   8 -22  33  44  27 -30  -6  -2   5  -2 -34  42 -14  55 -12 -10  27 -62 -15 -62
ROW:     1   2   3   4   4   4   4   4   4   4   4   5   5   5   5   6   6   6   7   7   7   7   7   7   7   7   7   8   8   8   9   9   9   9   9   9  10  10  10  11
COl:     5   9   5   0   4   5   7   8   9  10  11   0   4   6   8   4   9  11   1   2   3   4   5   6   9  10  11   0   3   9   1   2   4   7   8  10   4  10  11  11
Channel13 
nnz: 30 
Data:   30  40  41 -12  54  45  -5  28  -1   2  -9  -5  -5   1 -25  58  39  28  22 -33  21  14   4 -12  46  38  14 -51 -24   9
ROW:     0   1   4   4   4   4   4   4   4   5   6   6   6   7   7   7   7   7   7   7   9   9   9   9   9   9   9  10  11  11
COl:     7   0   1   3   5   6   8   9  10   2   4   5   6   1   2   3   6   9  10  11   0   3   4   5   6   7   8  11   2  11
Channel14 
nnz: 28 
Data:  -21  65  46  48  50  45   6  17  49   6   1  -6  -1  -8  -2 -23  35  34 -21 -12  57 -27  46  28 -27  18 -23  12
ROW:     0   1   4   4   4   4   4   4   4   5   6   6   6   6   6   7   7   7   7   7   7   9   9   9   9   9   9  11
COl:     7   7   0   3   5   7   8   9  11   1   2   3   4   7  11   1   2   3   4   7  10   2   3   4   5   9  11   1
Channel15 
nnz: 28 
Data:   39  24  79 -16  71  -5 -11  28  24  38 -10  -9   3  53 -16 -16   6   6 -16  11   3   4  -7  39  65  22 -33 -14
ROW:     1   1   2   2   2   4   4   4   4   4   5   6   6   7   7   7   7   7   7   7   8   8   8   9   9   9   9  10
COl:     0  10   2   6   7   0   2   3   7  11   6   3  11   1   4   5   6   7   8  11   2   3   7   2   3   9  11   9
Channel16 
nnz: 27 
Data:  -65  54  60  21  63   9  40   1  -6   9   2  33 -14  59 -28  19  53  28   8  20   4  10 -21 -16  54  14  53
ROW:     3   3   3   4   4   4   4   4   5   5   6   7   7   7   7   7   7   7   8   9   9   9   9   9   9   9   9
COl:     2   7  10   1   2   5   6   9  10  11   1   1   2   3   8   9  10  11   9   1   2   3   4   5   6  10  11
Channel17 
nnz: 32 
Data:  -25 -33  83  17  40 -65 -22  -5  -6 -29 -13  21  -2   8  -9 -10  -9  21  13  -3  -5   8 -30  -8   5  53  23  42  42 -13  10   8
ROW:     0   1   1   1   3   3   4   4   4   4   4   4   5   5   5   5   6   7   7   7   7   7   7   8   8   9   9   9   9   9   9  11
COl:     9   2   4   5   5   9   2   3   6   7   9  11   5   7   9  10   1   1   3   6   7   9  10   7   9   0   1   3   4   6  10   1
Channel18 
nnz: 31 
Data:   50  15  19  31  -5 -25 -19   7   8  -2   3 -10  -8  -3   4  15   2  20  28  -1   3   2  -4 -10   4  12   9  -9  20  -8  38
ROW:     1   1   3   4   4   4   4   5   5   5   5   6   6   7   7   7   7   7   7   8   8   8   8   8   8   9   9   9   9   9   9
COl:     1   2   3   2   5   9  11   0   3   4   5   0  10   0   1   4   7  10  11   2   3   5   8   9  10   1   2   3   4   5   7
Channel19 
nnz: 37 
Data:   24  79 -44  42 -49  75 -30  63  15  42  26  47  44   2  -4   6  -6   8  65 -11  26  27 -14 -11  55   7  -1  -6   3 -26 -25  20  10  57   8  -4 -62
ROW:     0   0   1   2   2   3   4   4   4   4   4   4   4   5   5   5   6   6   7   7   7   7   7   7   7   8   8   8   9   9   9   9   9   9   9  10  11
COl:     2   7   4   0   1   8   0   1   4   5   6   9  10   0   5   9   0   7   1   4   5   6   7   8  10   2   4   6   0   2   3   4   6  10  11   6   6
Channel20 
nnz: 37 
Data:   46  65 -61 -18 -19 -36  -9   1  50  -3 -26   8   6  -4   2   4   2   2  -5 -10  65 -33 -30 -32 -11 -11   1   1   4  58   9  37 -31  24  -3 -24  -7
ROW:     1   1   2   2   2   3   3   4   4   4   4   4   5   5   5   6   6   6   6   6   7   7   7   7   7   7   8   8   8   9   9   9   9   9   9   9  10
COl:     5  11   9  10  11   0   1   0   2   3   8  11   0   1   2   0   2   4   5   7   0   3   4   9  10  11   4   5  11   4   5   6   7   8  10  11   1
Channel21 
nnz: 24 
Data:   57 -40  60 -63  57  12  18  41  -7   7   6  23  -9   3  27  -4  -8   6 -24 -34 -35 -34   4 -54
ROW:     0   0   1   2   4   4   4   4   5   5   6   7   7   7   7   8   9   9   9   9   9   9  10  11
COl:     0   5   7   1   2   3   8  11   0   3   8   3   4   5   7  11   0   2   3   6   9  11   0  10
Channel22 
nnz: 27 
Data:   66   8  22  23 -12  27   3  14  -1 -12   4 -15  13  -6  16 -28   3   3  -2  -1 -12  27  56  45 -17 -10 -30
ROW:     0   1   2   2   4   4   4   4   4   4   6   7   7   7   7   7   8   8   8   8   9   9   9   9   9   9   9
COl:     3  11   7   9   0   1   5   9  10  11  11   0   5   6   8  11   0   3   4   8   1   2   4   5   6   8  11
Channel23 
nnz: 29 
Data:  -10 -46 -65 -10  82  62  16 -19  46 -19  -9 -15  36   8   7   7   8  -9 -16  23  60  -3 -34  57  -2  38  14   7  -8
ROW:     0   0   2   2   3   4   4   4   4   4   4   4   4   5   5   5   6   6   7   7   7   7   7   7   8   9   9  10  11
COl:     3  11   1   5   0   0   1   3   5   6   7   9  10   0   3  10   3   4   3   5   7   8   9  11   3   3  10   3   3
Channel24 
nnz: 26 
Data:   39  65   8  25  47   8  63  15  -3   3  -5  -5  30 -17  47  -3  43  52  -4   2  -9   8  -1  21 -27 -67
ROW:     0   2   3   4   4   4   4   4   5   5   6   6   7   7   7   7   7   7   7   8   8   8   8   9   9  10
COl:     7   3   2   1   2   3   5  11   1   9   5   9   0   1   2   3   7   9  10   0   4   6  10   4  10   9
Channel25 
nnz: 32 
Data:  -44 -16   6  74  65  43 -30  26  23  36  55  -6  -9   7  -1  10  18  31  64  50   4   4  23  -5  59  27  55 -18 -48  44 -14 -19
ROW:     0   1   2   2   2   3   4   4   4   4   4   4   5   6   6   7   7   7   7   7   8   8   9   9   9   9   9   9  10  10  10  11
COl:     7   6   2   4   5  11   0   3   4   5   9  11   4   0   5   5   6   8  10  11   4   7   3   7   8   9  10  11   0   5  11   5
Channel26 
nnz: 33 
Data:   45  67  84  46  12 -18  36  40  61  38  24   3  -3  -4   1  -2   9 -10  -1 -32  42 -24  41  -1   2   4 -15 -27  40  56 -21 -44  54
ROW:     1   1   1   2   4   4   4   4   4   4   4   5   5   6   6   6   6   6   6   7   7   7   7   8   8   8   9   9   9   9   9  10  11
COl:     4   5  11   4   1   2   3   4   7   8  10   5  10   1   3   7   9  10  11   0   1   7   8   3   6   9   0   1   2   6  11  10   8
Channel27 
nnz: 28 
Data:  -64 -50 -53 -31  59  -5  64  -7   5   5  -7   9  -7  48 -24  43 -22  53  56   5  -9  54 -27  -4  50 -11  49  23
ROW:     0   0   2   4   4   4   4   5   5   5   5   6   6   7   7   7   7   7   7   8   8   9   9   9   9   9   9  11
COl:     3   9  11   3   6  10  11   2   3   7   9   3   7   1   4   5   6   7   8   1   9   0   2   3   6   8  10   7
Channel28 
nnz: 35 
Data:   52 -50  62  22 -10  39  -3  -3  -4  -4   2   6  64  12  37  35 -27  63   7  33  39 -19 -10   9 -10  45  15   3 -22  31  42   6 -26  28 -43
ROW:     0   1   1   4   4   4   4   5   5   6   6   6   7   7   7   7   7   7   7   7   7   7   8   8   8   9   9   9   9   9   9   9   9  10  11
COl:     1   7   8   5   6   9  11   0   4   0  10  11   1   2   3   4   5   7   8   9  10  11   1   8   9   0   3   4   5   6   7  10  11   5   1
Channel29 
nnz: 34 
Data:   38  49  13  15 -34  32 -30 -32  42 -25   7   2  -9   8   4  -9  18  38  -8 -22  15  38 -26  -3   3 -10   8   4  -3  24  -6  11 -17  -3
ROW:     0   1   4   4   4   4   4   4   4   4   5   5   5   6   6   6   7   7   7   7   7   7   7   8   8   8   8   9   9   9   9   9  10  11
COl:     6   0   1   2   3   4   5   6   9  10   2   4   5   6   7   9   3   6   7   8   9  10  11   2   4   7   9   1   3   4   7   8   4  10
Channel30 
nnz: 21 
Data:    8  63  46  45  -1 -19  -2  12  -6  -2  44 -32   9   6  -6   7  61  35  14  62  31
ROW:     0   2   3   4   4   4   4   4   5   6   7   7   8   8   9   9   9   9   9   9   9
COl:     8  10   7   0   4   5   8  11  10   4   1  10   4   6   0   1   2   3   5   8  10
Channel31 
nnz: 41 
Data:  -25 -55   3  -9 -54  50  37  31  61  -9  17  43 -14  42   4   3 -10   1  -7  -8 -10   8  -8  18  52   7  23   8  -6  -3   6 -10   6 -31  27 -19  18  43 -42 -47 -69
ROW:     0   0   0   1   1   2   3   4   4   4   4   4   4   4   5   5   5   6   6   6   6   6   7   7   7   7   7   7   8   8   8   9   9   9   9   9   9  10  11  11  11
COl:     3   7  11   2   3   0   9   0   1   3   4   6   8   9   3   9  10   1   3   5   6  10   0   4   5   6   8  11   0   2   4   0   4   5   7   9  11   4   2   4   6
Channel32 
nnz: 29 
Data:   62 -17  29  -8  33 -11  60  13  24  -5  -7 -35   3  44  62  51  27   9  -6 -24  57   1   5   2  -3 -21 -60  49  46
ROW:     1   2   2   4   4   4   4   4   4   5   6   7   7   7   7   7   7   8   8   9   9   9   9   9   9  10  11  11  11
COl:     2   0   7   0   1   2   3   4   5   7   5   1   2   6   7   8  10   1   9   2   5   6   7   8  11   9   0   4   7
Channel33 
nnz: 33 
Data:   10  76 -48  78  21  55 -11  41  61 -26 -29 -21 -16   5  -2   6  -7  -9  61  24 -34  22  57  52 -23   5  -8  65  20  -2  64  10  59
ROW:     1   1   3   3   4   4   4   4   4   4   4   4   4   5   5   6   6   6   7   7   7   7   7   7   7   8   8   9   9   9   9   9  10
COl:     4   8   0   2   0   1   2   3   4   7   8   9  11   3  11   1   6   7   0   3   4   7   8  10  11   4   5   0   2   8   9  10   3
Channel34 
nnz: 34 
Data:   29  27   4  34  60  50  16 -26 -10  16 -10   9   1  42 -27  63  44  17  30  65   6 -10 -10  -2  -5  -4  33   1  -8  59  23  42 -36  31
ROW:     0   0   3   4   4   4   4   4   4   4   5   5   6   7   7   7   7   7   7   7   8   8   8   8   8   8   9   9   9   9   9   9  10  11
COl:     1   5   9   0   2   4   6   7   9  11   6   9   3   0   1   5   7   9  10  11   0   2   5   6   7  11   0   1   2   3   5  11   2   3
Channel35 
nnz: 27 
Data:  -26 -22 -48 -23  68  23  63  18  46  -1 -11  -5  -3  -8   2  44 -29  30  -6  36 -34 -14 -24 -59 -69  20 -56
ROW:     0   1   1   2   2   4   4   4   4   4   4   4   5   5   6   7   7   7   8   9   9   9   9  10  10  10  10
COl:     3   0   6   1   3   0   1   2   7   8   9  11   3   8   1   0   4  11   2   0   3  10  11   1   4   6  11
Channel36 
nnz: 32 
Data:  -33  17 -14 -11   5 -25 -24  22  35 -15 -11 -31   8  -2   3   8   5  49  51  65 -25  -1   4   5 -26 -25 -26  21  -3  54 -63 -23
ROW:     0   1   2   3   4   4   4   4   4   4   4   4   5   5   6   6   6   7   7   7   7   8   8   8   9   9   9   9   9  11  11  11
COl:     3  10   5   6   1   3   4   5   6   7   8  11   5  10   1   4   6   0   2   5  11   0   3   4   0   3   5   8  10   6   7   9
Channel37 
nnz: 41 
Data:   45  19 -23 -62 -12  75  41  38  -5  -9 -34  13  -7   7 -10  -5 -32  -7  27  18  35  38  33 -35  -4   9  -9  -2  -3  37  59  65  37 -24  41  13  31  31  51 -75  -9
ROW:     1   1   2   2   2   3   4   4   4   4   4   4   5   5   6   6   7   7   7   7   7   7   7   7   8   8   8   8   8   9   9   9   9   9   9   9  10  10  10  10  11
COl:     5   9   3   7   9  11   0   1   2   4   5   6   1   6   1   8   1   2   4   7   8   9  10  11   2   5   6   7  11   0   2   3   5   8   9  10   2   7   9  11  11
Channel38 
nnz: 40 
Data:  -34 -65 -12  12  57  35  -6  50  -7  -1   9   8   3   2   4  -3  -6   1 -30  59  60 -15  19  64 -10  -4 -15  37  10  22  57 -25 -17  48  18 -52 -10  24 -30  58
ROW:     0   0   3   4   4   4   4   4   5   5   5   6   6   6   6   6   6   6   7   7   7   7   7   7   8   8   9   9   9   9   9   9   9   9  10  10  10  11  11  11
COl:     3   7  10   1   2   6   7  11   0   8   9   3   4   5   7   8   9  11   0   1   3   6   8   9   6  10   0   1   2   3   4   5   8  11   0   3   8   5   8  10
Channel39 
nnz: 28 
Data:  -30  27 -56  34  37  15 -12 -12  33  -6   5   6   1   6 -10  39   5  39  28  24 -10 -26  49  -7  30 -34  43  54
ROW:     0   2   3   3   3   4   4   4   4   4   4   4   5   6   6   7   7   7   7   7   8   9   9   9   9   9   9  11
COl:     5   8   0   7  10   3   4   6   7   8   9  10   2   1   8   5   6   7   8  10   4   1   3   4   7   9  11   7
Channel40 
nnz: 28 
Data:   40 -56 -48 -45  60  53 -14   1   2   1 -14  -6  -8 -10  -8  -5  -6  63  38  35  33  34  46 -29   5  26   4 -51
ROW:     1   2   3   3   3   4   4   5   5   5   7   7   8   8   8   8   8   9   9   9   9   9   9   9   9  10  10  11
COl:     2   6   1   3   5   4   9   0   1   4   5   8   0   5   6   7   9   0   2   3   4   6   9  10  11   8   9   7
Channel41 
nnz: 24 
Data:  -62   3 -25  30  -4  -1  -2  11  63 -17   6  -2  11  -5  49  65 -16  -2   8  48 -22 -21  61  26
ROW:     0   0   3   4   4   4   4   4   4   4   6   6   7   7   7   7   7   8   9   9   9   9   9   9
COl:     6   8   7   0   2   4   5   6  10  11   3   4   1   3   4   6   7   3   1   3   4   5   9  11
Channel42 
nnz: 23 
Data:   52  46  -4   8 -30  56   7  46  -8   8  -5 -23  25  61  25  10  47 -33   3  -4   7  37 -26
ROW:     1   3   4   4   4   4   4   4   5   5   5   7   7   7   7   7   7   7   7   9   9   9   9
COl:    10   9   0   1   2   6   9  10   1   8   9   0   1   2   3   4   5   7  10   0   8   9  11
Channel43 
nnz: 25 
Data:  -15  79  -4  -5   9 -13  34  -5  -3 -10   8   8 -18  51   7   5   1   5 -17  49 -13  48 -21  61  31
ROW:     0   2   2   4   4   4   4   5   6   6   6   7   7   7   7   8   8   8   9   9   9   9   9  10  11
COl:     9   3   6   4   5   6  10   9   4   5   6   5   6   7  10   1   3  10   0   5   8   9  10   8   2
Channel44 
nnz: 39 
Data:   45  29 -35 -11  46  40 -19   5 -31  -4  -4  -8  -5  -2  -7   2  41  44  -3 -29 -24  -5 -31  11   9   6  -9   6  -5   1  26  -2 -26 -26 -16 -25  -1  38 -65
ROW:     0   0   3   3   3   4   4   4   4   4   4   5   5   6   6   7   7   7   7   7   7   7   7   7   8   8   8   8   8   8   9   9   9   9   9   9   9   9  11
COl:     2  10   3   5   8   0   4   5   8   9  10   4   5   3   9   0   1   2   4   5   6   8   9  10   3   4   5   7  10  11   1   3   4   5   6   7   8  10  10
Channel45 
nnz: 31 
Data:  -11 -35  58  32  27 -18  39  28   9   8   8  -2   4  17  14 -22 -11  14  -1  -3   9   6  -1 -22  40  48  12  12   8 -67  29
ROW:     0   0   3   4   4   4   4   4   4   5   6   6   7   7   7   7   7   7   7   8   8   8   9   9   9   9   9   9  10  11  11
COl:     6  11   6   0   1   2   3   4   8   5   0   3   0   1   2   3   4   5  11   2   5  10   0   2   3   4   7   9   5   0   4
Channel46 
nnz: 35 
Data:  -10  46  83 -36 -63 -19 -13  19  23 -18  36  14   6   5  -7   3 -10   3  -4  15  27   4   3   2  -2  55  -5   7  28  23  49  23 -48 -44 -61
ROW:     0   1   3   3   3   4   4   4   4   4   4   4   5   6   6   6   6   6   6   7   7   7   7   7   7   7   8   8   9   9   9   9  10  10  11
COl:     8   0   0   1   6   3   4   6   7   8   9  11   6   1   2   6   7   8  10   0   5   6   7   8   9  11   1   3   0   4   8   9   2   5   1
Channel47 
nnz: 26 
Data:  -64  69   3  21  -3 -12 -28   9   4   3   9  -6 -30  53  -9  41  19  23  -3  18  53   4  23  45  32  15
ROW:     0   1   4   4   4   4   4   5   5   5   6   6   7   7   7   7   7   7   7   7   7   8   9   9   9  10
COl:     8  10   3   6   7   8   9   0   4   6   5   8   0   1   2   4   6   7   8   9  10   6   0   3   6   7
Channel48 
nnz: 36 
Data:   71  82  56  64  40 -35  32 -15  43 -28   6   5   7 -10  -3   8   5 -10 -10  44  46  49  33   3  -3  47  -6  65 -20  20 -13  51 -22  10 -72 -19
ROW:     1   1   2   4   4   4   4   4   4   4   5   5   5   5   5   5   6   6   6   7   7   7   7   8   8   9   9   9   9   9   9   9  10  11  11  11
COl:     1   4   4   1   3   4   5   6   8   9   0   2   4   5   7   8   6   9  11   0   2   3  11   1   4   1   3   4   6   8  10  11   8   6   7  10
Channel49 
nnz: 34 
Data:  -32 -64 -15  22  44  35  40  56 -30  39   6   2   9   2  -7  45  20  -8   9  30  19 -33 -18  -4   1   9  63   6  47  26  62   1 -28  47
ROW:     1   2   2   3   4   4   4   4   4   4   5   5   6   6   7   7   7   7   7   7   7   7   7   8   8   8   9   9   9   9   9   9  10  11
COl:     0   2   9  10   1   3   4   5  10  11   0   7   2   8   0   2   3   4   5   6   9  10  11   0   3  10   1   3   4   5   6  11   6   5
Channel50 
nnz: 28 
Data:   30  65 -45  42 -61  42  56  35  25 -11  -4   9  -3  -6 -28  10  43  30   6   4  -9  -6  40  31 -29  65 -29  28
ROW:     0   1   1   2   2   2   4   4   4   4   5   6   6   6   7   7   7   7   8   8   8   8   9   9   9   9   9   9
COl:     3   0  11   3   5   7   6   8   9  10   1   3   6  10   0   1   6  11   0   4   6   8   0   1   5   8   9  11
Channel51 
nnz: 29 
Data:  -13  37 -55  34  13   6 -13  31 -18 -10   6  -3  49  64 -32  15   8   5   5  24 -20  62 -24   3  41  48 -24  50   5
ROW:     1   1   3   3   4   4   4   4   4   5   6   6   7   7   7   7   7   8   8   9   9   9   9   9   9   9   9  11  11
COl:     3  10   3   6   3   4   6   9  11  10   4   7   0   3   4   9  10   3   4   0   1   2   3   6   8   9  10   3   9
Channel52 
nnz: 42 
Data:   81  58 -15 -53 -21 -46 -52  55  -2   4  63  56   7   7  -3  -6  -8  -5  -5  -7  -4 -24 -29  43  21 -25   2  21  49 -16  -5   2   7  -6  10  13   5  58   3 -34 -42  51
ROW:     0   0   0   1   1   2   2   4   4   4   4   4   5   5   5   6   6   6   6   6   6   7   7   7   7   7   7   7   7   7   8   8   8   8   9   9   9   9   9   9  11  11
COl:     1   6   8   9  10   5  10   2   6   8   9  11   1   5   6   2   4   6   7   9  10   1   2   3   4   5   7   8   9  10   4   6   9  11   1   3   5   9  10  11   5   8
Channel53 
nnz: 31 
Data:   10  63 -11  61  16  20  56  63   4  -8   8   9  15  50  52 -26  15  51 -27  -3  65 -11  -8   1  -9   6  45  43  -9 -10 -26
ROW:     2   2   3   4   4   4   4   4   5   5   6   6   7   7   7   7   7   7   7   7   7   7   8   8   9   9   9   9   9   9   9
COl:     5   9  11   0   4   8  10  11   5   9   1   7   0   1   3   4   5   7   8   9  10  11   4  10   1   2   4   5   8   9  11
Channel54 
nnz: 30 
Data:   12 -36 -15  62   2  19  33 -20 -10  -9   8  -3  -2   2  22   9  38 -35  39  44  -3 -10  34  -7  18  30 -70  31  -2 -15
ROW:     0   2   4   4   4   4   4   4   5   5   5   5   6   6   7   7   7   7   7   7   8   8   9   9   9   9  10  10  11  11
COl:     3  11   1   3   4   7  10  11   0   1   2   9   1   5   2   5   6   9  10  11   1   4   0   6   7   9   2   4   9  10
Channel55 
nnz: 35 
Data:  -25  70  10 -24  47  18  54  43  53  29   1   7   8   8 -33  54 -16   7  -5   1 -26  -8   6  25 -20  23  56  56  34  -8  51 -32  19  -6 -55
ROW:     1   1   1   2   2   4   4   4   4   4   5   5   6   6   7   7   7   7   7   7   7   8   8   9   9   9   9   9   9   9   9   9   9  10  10
COl:     2   7  11   0   4   3   4   6   8  10   1   9   8   9   0   1   3   4   7  10  11   2  11   0   1   3   5   6   7   8   9  10  11   1   9
Channel56 
nnz: 34 
Data:  -49 -37   7  66   6 -14  54 -21  35  28  -2   7  -7  -4  -3  64  57 -32 -11  -1   9  -7  -7   4  47  -5  -5   1 -12 -27  32  10 -21  31
ROW:     1   1   1   3   4   4   4   4   4   4   5   5   6   6   6   7   7   7   7   7   7   7   8   8   9   9   9   9   9   9   9  11  11  11
COl:     4  10  11   0   0   5   6   7  10  11   0   4   3   6   7   1   3   4   5   6   8  10   3  10   0   3   4   5   8   9  11   2   6   9
Channel57 
nnz: 32 
Data:  -61  -8  72   9   9  -9  52  20  -9   8  -8   1  12  34  37  39  34  -2  21   1  -9   5  21 -16   2 -17   2  37  16 -58 -50   7
ROW:     0   1   2   4   4   4   4   4   5   5   5   6   7   7   7   7   7   7   7   8   8   8   9   9   9   9   9   9  10  11  11  11
COl:    10   6   2   0   4   8   9  10   8  10  11   8   0   1   3   5   8   9  10   0   6   7   1   5   6   7   8   9  11   0   2  10
Channel58 
nnz: 29 
Data:   68  46  -6   4 -43  59 -18 -13  35  21 -10  -4   4 -31 -11  19  24 -10  -1  -2  -3 -10  44  -3 -33  -1  10  23  34
ROW:     0   1   2   2   3   4   4   4   4   4   5   6   6   7   7   7   7   8   8   8   8   8   9   9   9   9   9   9  10
COl:     7   3   4  10   8   3   5   9  10  11   9   4   6   4   5   6   9   0   1   3   7   9   0   1   2   5   8  10   7
Channel59 
nnz: 30 
Data:  -33  44 -43   8  44  38 -24  25  48  -9  -3  -2  31 -18  16  20   8   3  20  40  -6 -10  23   1  44 -14  -9   7 -26  35
ROW:     0   0   1   3   3   4   4   4   4   5   6   6   7   7   7   7   7   7   7   7   8   8   9   9   9   9   9   9   9   9
COl:     1   3  10   6   9   3   6   8  10  11   6  11   1   2   5   6   7   9  10  11   2   9   0   1   3   5   7   8  10  11
Channel60 
nnz: 23 
Data:  -58  34  65  19  19  57 -17   1 -18  35   5  -4  59  25  34 -32 -23  11   8  -2 -33  36  41
ROW:     0   1   2   2   3   3   4   4   4   4   5   6   7   7   7   7   7   7   8   8   9   9   9
COl:    10   2   2   9   0   2   0   1   3   6   0   2   0   1   4   5   9  11   1  10   1   3   6
Channel61 
nnz: 38 
Data:  -33  28 -26  32  13  49 -17 -20  59  16  61   8   7  -1  -9  -4   6  25 -11  -6  47  10  25 -30  43 -21   6   6 -10   8  -2  48 -29  -9  63  55  18  33
ROW:     0   1   1   1   3   3   4   4   4   4   4   4   5   5   6   6   6   7   7   7   7   7   7   7   7   7   8   8   8   8   8   9   9   9   9   9  10  10
COl:     0   1   2   9   0   5   3   4   5   6   7  11   6   9   1   5   7   1   3   4   6   7   8   9  10  11   0   1   4   8   9   0   1   4   5   8   8  10
Channel62 
nnz: 35 
Data:   52  43  37   4 -39  19  78  28 -39  51 -16  42 -12  32  33  56   3   5   2  10 -32 -32  -3   8  13   6 -10   9   3  25  39  18 -15 -66  -6
ROW:     0   0   1   1   2   2   2   2   3   3   4   4   4   4   4   4   5   6   6   7   7   7   7   7   7   8   8   8   9   9   9   9   9  10  10
COl:     4   8   2   6   2   7   8  11   9  11   0   3   4   5   6  11   5   6  10   0   2   4   6  10  11   3   7  10   4   7   9  10  11   3   8
Channel63 
nnz: 29 
Data:   -6  -4  17  43  38  -3   3   5  -4   7   2  32  57  35 -27  20  -4  26   5   4  -9   6   7  14  31  63  15 -33 -49
ROW:     1   3   4   4   4   5   5   5   5   5   6   7   7   7   7   7   7   7   8   8   8   8   8   9   9   9   9  10  11
COl:     1   2   2   6   8   2   4   8  10  11   3   0   3   4   6   7  10  11   0   2   3   8  11   2   5   7  11   1   5
Channel64 
nnz: 19 
Data:   18  20   4  23   7  -3  -4   5   3  27  29  40  17  18  -1  24   4  53 -16
ROW:     1   4   4   4   5   5   5   6   6   7   7   7   7   7   7   7   8   9   9
COl:     6   4   6  11   5   8   9   0   5   0   2   4   5   7   9  10   8   3   6
Channel65 
nnz: 33 
Data:    8  18 -38  66  19 -14  41  18   4  -1   9  -8   2  39  64  27 -28 -10  -4   7   2   8  -2   3 -11 -29 -34  24   2  30  46 -69  44
ROW:     0   0   1   2   4   4   4   4   5   6   6   6   7   7   7   7   7   8   8   8   8   8   8   9   9   9   9   9  10  10  11  11  11
COl:     1   9   3  11   4   5   6   8   1   0   6   7   0   2   5   8  10   0   1   2   3   5  10   1   2   3   4   9   1   4   2   7   8
Channel66 
nnz: 25 
Data:   58 -29  67  -9 -10  -3 -22 -31  -8  -4  -1  -8   6 -15  10  14  41  -8  -6   3  15  62 -23  49 -14
ROW:     0   1   2   2   4   4   4   4   5   5   6   6   6   7   7   7   7   7   8   8   9   9   9   9  11
COl:    10   3   3   6   6   8  10  11   5   9   8  10  11   0   4   7   8  10   2   3   1   4   6   9   9
Channel67 
nnz: 23 
Data:   31 -11  65 -11 -10   4   6  -5  -7  -6  21  10  53  59  -7   9  -5  -3  25  38  45 -59 -14
ROW:     4   4   4   4   5   5   5   6   6   6   7   7   7   7   8   8   8   8   9   9  10  11  11
COl:     0   2   9  10   1   2   4   0   6   9   4   6   8  10   1   2   7  11  10  11   4  10  11
Channel68 
nnz: 26 
Data:   61 -26 -22 -61  58  12  62 -25  -2  -6  -2  -5   6  15  33   4   1   6  -2   9  -8  64  51  41  11 -38
ROW:     0   1   2   3   4   4   4   4   5   5   5   6   6   7   7   7   8   8   8   8   8   9   9   9   9  10
COl:     1   9   0   0   2   4   6   8   0   6  10   1   6   1   3  10   0   2   6   7  11   0   4   9  10   6
Channel69 
nnz: 36 
Data:   38   9  73   5  68 -19 -30 -18  48  -8  39 -14   1   8 -34  14 -20 -21   8  -7  -2   3  -4   7  -6   4 -16  63  13  27  36 -10  15 -17 -16  21
ROW:     0   0   1   2   3   4   4   4   4   4   4   4   5   5   7   7   7   7   7   8   8   8   8   8   8   8   9   9   9   9   9   9   9   9  10  10
COl:     6   9   9   1  11   0   4   5   6   7   8   9   1   9   0   2   7   9  11   2   3   4   5   6   8   9   0   2   3   4   6   7   8   9   4   8
Channel70 
nnz: 34 
Data:   -5  63   1  27 -65 -37 -61  83  50  17  19  22  21  47  -9  -9   2 -20  14 -11  43  16  -8  -5  20  -4 -33 -18 -30  38  59   2  48 -70
ROW:     0   0   1   1   1   3   3   3   4   4   4   4   4   4   5   5   5   7   7   7   7   7   7   7   7   8   9   9   9   9   9   9   9  11
COl:     1   7   2   8  11   7   9  11   0   1   5   6   8  10   1   2  11   1   4   5   6   7   8   9  10   3   0   2   5   8   9  10  11  10
Channel71 
nnz: 34 
Data:   44  38 -57  -7  -7  30  57 -22  17  32   8  -8   6   2  -9  -4   5  39  16  28 -12  39  20  -5  41 -17 -29  31  30  11  52 -54   3 -43
ROW:     1   1   2   4   4   4   4   4   4   4   5   5   5   5   6   6   6   7   7   7   7   7   7   8   9   9   9   9   9   9   9  10  11  11
COl:     1   3   2   1   2   3   4   5   8  10   0   5   8   9   5   7  11   1   2   4   7   9  10   7   2   4   6   7   8   9  10  11   2  10
Channel72 
nnz: 28 
Data:  -30  73 -10   9  39  -4  39  -3  -2  -5  12  56 -10   4  56  39  15  -1   1   4 -29   3  33   1 -29  30 -12 -56
ROW:     0   1   3   4   4   4   4   6   6   6   7   7   7   7   7   7   7   8   8   9   9   9   9   9   9   9  10  10
COl:    10   4   0   2   9  10  11   1   5   7   1   2   4   6   7   8   9   1   8   3   4   5   7   8   9  11   6  11
Channel73 
nnz: 34 
Data:   12  -9 -22 -42  18  11 -34  34   8  34  53 -10   2  -3  -5  -7   2 -28   5  -5 -30  20  52  -9   3  -8  -3  63 -35  52 -11 -20   2 -69
ROW:     0   1   1   2   3   4   4   4   4   4   4   5   5   5   5   5   5   7   7   7   7   7   7   8   8   9   9   9   9   9   9   9  10  11
COl:    10   5  10   1   7   0   2   3   5   7  11   0   1   2   3   5   6   0   1   2   4   7  10   0  11   0   1   3   6   7   8   9  10   3
Channel74 
nnz: 24 
Data:   75 -44  28 -15 -30 -32  23  49  -2   2  -7  -6  44   2 -13  21  -6   8  -9   8 -34  13 -27  35
ROW:     0   1   2   4   4   4   4   4   5   5   5   6   7   7   7   7   8   8   8   8   9   9   9   9
COl:     5   3   9   0   1   6   8  10   2   7  11   8   2   6   7  10   0   1   3   4   0   3   8  10
Channel75 
nnz: 31 
Data:   58  56 -32  14  27  21  37  45 -27  55   9   4   3  -9 -28  55  41 -29  24  38 -22  -2  65  21  24  50  28   7 -30 -68 -66
ROW:     1   4   4   4   4   4   4   4   4   4   5   5   5   6   7   7   7   7   7   7   7   8   9   9   9   9   9   9  10  10  11
COl:    11   0   1   2   4   5   6   7   9  10   1   3   9   7   0   2   3   5   8  10  11   6   0   2   5   7   8  10   2   5   9
Channel76 
nnz: 33 
Data:   45  -3  50  54  28 -11  35 -18  -4  22  27  33 -31  30 -25  46  -7  -2   6  -3  -4  -9  42 -22  31  55  25 -25  38 -26 -52 -10 -54
ROW:     0   4   4   4   4   4   4   4   5   7   7   7   7   7   7   7   8   8   8   8   8   8   9   9   9   9   9   9   9  10  11  11  11
COl:     1   0   2   5   6   7  10  11   0   1   2   3   5   9  10  11   2   3   4   6   9  10   1   3   7   8   9  10  11   3   3   5   8
Channel77 
nnz: 27 
Data:  -51 -52 -43 -61  35  55  64  32  -7  -2   8   6   7   8  21  57  52  30 -27  -3  65  40  38  24 -15 -10  32
ROW:     0   0   0   3   4   4   4   4   6   6   6   6   6   6   7   7   7   7   7   9   9   9   9   9   9   9  10
COl:     9  10  11   8   2   3   6  11   3   6   8   9  10  11   4   5   6   8  11   1   2   3   4   6   9  10   1
Channel78 
nnz: 26 
Data:   57  82  40  40  27  33 -20  24   2  -9  -7  52 -11  37  20  19  46  -4   5  37  60 -11  30  54 -26 -33
ROW:     0   1   4   4   4   4   4   4   5   6   6   7   7   7   7   7   7   8   9   9   9   9   9  11  11  11
COl:     2   3   0   4   5   6   8   9   4   4   7   2   4   5   6   7   8  10   0   3   4   8   9   3   5   8
Channel79 
nnz: 27 
Data:   14  30  72 -47 -18  62  16  63   3  -6 -33  23  30   3  38  35   4 -21  -6   9  24  21 -17 -11 -31 -12   3
ROW:     0   1   2   2   4   4   4   4   6   6   7   7   7   7   7   7   7   7   8   8   9   9   9   9   9  10  11
COl:    10   3   4   7   2   4   6   8   4   6   0   1   3   6   7   8   9  10   0   9   2   4   7   9  11   8   6
Channel80 
nnz: 27 
Data:  -38  47  48 -15   1  23 -18  30  65 -31   5  -6   1  -2  26  40  -5 -33   1  -9 -29   4  40  55  33  16 -22
ROW:     0   1   2   4   4   4   4   4   4   4   5   5   5   6   7   7   7   7   7   8   9   9   9   9   9   9  11
COl:     2   0   3   0   2   3   4   5   8  11   3   9  10   6   1   2   5   8  11   0   1   2   4   5   7  11   3
Channel81 
nnz: 27 
Data:  -59 -12  41 -53 -46 -47  -3  56   1  -5  -7  -1  -1  58   2  -1  21  65   2   4  31  12  16  55  19  -2  54
ROW:     1   2   2   2   3   3   4   4   4   5   5   5   6   7   7   7   7   7   7   8   9   9   9   9   9   9  11
COl:    11   4   8  11   5   6   6   8  10   2   3   8   0   3   4   5   7   8   9   3   1   5   6   7   8  10   3
Channel82 
nnz: 19 
Data:  -36 -63  20  37   6 -12  30  65  49   8  -4   4 -10  14 -19   7  -1  -3  46
ROW:     0   2   2   4   4   4   4   4   4   5   5   6   7   7   7   8   8   9   9
COl:     3   8   9   0   2   5   8  10  11   0   7   7   3   5  10   1   6   5   7
Channel83 
nnz: 40 
Data:   -1  43  70  -4  51  -9  28   5  52  -6  -7   2   2  -2  -3  -6  -9  38  55  21 -23 -19 -14  29 -30  61 -30 -15   9   2  46  45 -14  19  -2  37 -28  11 -14  39
ROW:     0   1   3   4   4   4   4   4   4   5   5   5   5   6   6   6   6   7   7   7   7   7   7   7   7   7   7   7   8   8   9   9   9   9   9   9  10  11  11  11
COl:    11   0   2   0   2   3   4   8  11   5   6   7   9   2   5   7  11   0   2   3   4   5   6   7   8   9  10  11   7  10   2   7   8   9  10  11  11   1   6   9
Channel84 
nnz: 28 
Data:   55  50  61  13  38  -7  14  -5   6  -6   3  -4  22 -24 -10  -9 -10   9  -4  32 -12  -1  36  52  47  33  11 -15
ROW:     2   2   4   4   4   4   4   5   5   6   6   7   7   7   8   8   8   8   8   9   9   9   9   9   9   9   9  10
COl:     7   9   0   3   4   5   6   2   4   4   6   1   4   6   1   2   3   5  11   0   2   4   5   7   9  10  11  10
Channel85 
nnz: 32 
Data:  -44 -63 -37  72 -33  35  -1  -8  23  32  42 -10  -8   7  -4  44   7  -7 -10 -14   6 -20  61   5  58  38  32  53 -28  -9 -21 -46
ROW:     1   3   3   3   4   4   4   4   4   4   4   5   5   5   6   7   7   7   7   7   7   7   7   8   9   9   9   9   9   9   9  10
COl:     1   0   7  11   1   3   5   6   8  10  11   1   5   6   8   0   1   2   4   6   7   9  10   3   1   2   3   5   8   9  11  10
Channel86 
nnz: 30 
Data:  -24  52 -53 -11 -30  -6 -16 -31  45  28 -10  39  37   3  -4 -35 -33  22 -34  38   5  20  26  -7  56  -2  19 -29  47  40
ROW:     1   1   2   3   4   4   4   4   4   4   6   7   7   7   7   7   7   7   7   7   8   9   9   9   9   9   9   9  11  11
COl:     9  10   3   5   2   3   5   6   8  11   5   0   1   2   3   4   6   7   8  10   5   1   2   4   5   6   9  11   4  10
Channel87 
nnz: 33 
Data:    1   9 -31  38 -27  29  36 -22  65  -1   3 -10  -6   3  56  65  24 -16  31  -8   1  19 -35 -24 -30  33 -33  41 -11  22  34  15  16
ROW:     2   3   4   4   4   4   4   4   4   4   5   5   6   6   7   7   7   7   7   8   8   9   9   9   9   9   9   9   9   9  10  11  11
COl:     8   7   0   2   5   6   8   9  10  11   2   7   2   4   1   3   4   6  10   0   6   1   2   3   4   6   7   8  10  11   3   0   3
Channel88 
nnz: 33 
Data:    7 -24  39  78  52  22  60 -11 -30  19 -15 -19  -2   7  -7  -8  -4  -8  -3   2  -3  26  22  39  21  40   7 -29 -67 -21  51 -74 -26
ROW:     0   1   1   2   2   4   4   4   4   4   4   4   4   5   5   5   6   6   6   6   6   7   7   7   9   9   9   9  10  10  11  11  11
COl:     6   1   3   7   9   0   1   2   3   7   8  10  11   2   5   7   0   2   8  10  11   0  10  11   1   2   5  10   7  11   3   4   5
Channel89 
nnz: 37 
Data:    9  -1 -30 -19 -29 -25 -61  32 -16  63  -9  64  14  65   6  -4   4 -23  38 -12 -14 -24  33  43  -4   4  14  16  39  18  59  48 -69  22  37  -4 -55
ROW:     0   1   1   2   2   2   3   4   4   4   4   4   4   4   5   6   6   7   7   7   7   7   7   7   8   8   9   9   9   9   9   9  10  10  10  10  11
COl:     9   2   8   2   6  11  11   1   6   7   8   9  10  11   5   3   4   0   3   6   7   8   9  11   7   8   1   2   4   5   6   9   2   3   6   9   4
Channel90 
nnz: 24 
Data:  -31 -22  20 -22  33  -3  38  57   7   4  -6   3  -2  -4 -18 -17 -16  45  41   8   1  27  31 -23
ROW:     1   1   2   3   4   4   4   4   5   5   5   6   6   6   7   7   7   7   7   7   8   9   9   9
COl:     4  11  11  10   0   2   6   8   0   1   8   3   6   7   0   3   5   7   8  10   3   1   6   8
Channel91 
nnz: 32 
Data:  -34  50  26  14 -19   5  -9  47  11  -4  -8  -4  -8   9 -18  21 -27 -24  27  21  57   8   1  -8  23  10  19   8   2 -17  -8   2
ROW:     0   0   1   2   4   4   4   4   4   5   5   6   6   6   7   7   7   7   7   7   7   8   8   8   9   9   9   9   9   9   9   9
COl:     7   8   0   2   2   7   8   9  10   9  11   6   7   8   0   1   7   8   9  10  11   5   6   9   1   2   4   5   6   7   8  10
Channel92 
nnz: 27 
Data:   -8  60  29 -39 -17   6  41 -32  15  29   4   2  -8  -5  -2  -5  31  26  10  -3  -1  -1  34 -14  -1 -68  12
ROW:     0   1   2   3   4   4   4   4   4   4   5   5   5   5   6   6   7   7   7   7   8   8   9   9   9  10  11
COl:     9   8   4  11   0   2   5   8   9  10   4   5   7  10   0   1   1   8   9  11   0   4   0   1   8   7   9
Channel93 
nnz: 35 
Data:  -52 -44  51 -57 -29 -25  39 -52  14  30  57  48  11 -24   1  -6  -5   3   4   9   1 -12 -25  -6 -10   7  -4  -9  61  13  10  47 -61 -44 -52
ROW:     0   1   1   1   1   2   3   3   3   4   4   4   4   4   5   5   5   6   6   6   6   7   7   7   7   7   8   8   9   9   9   9  11  11  11
COl:    10   0   5   6  11   5   4   9  11   0   2   6   8   9   2   8  10   2   4   8  11   3   6   7   8  10   1   6   5   6   7  10   8   9  10
Channel94 
nnz: 41 
Data:  -15  31  12 -24  53  67  27  33  33  -6  35  64  32   7  -5   7   5   3   7   2 -32  52   5 -25 -31 -32   6  45  -5  -5  -5  -5  -9  -4  59  -2  32  36 -19  11 -43
ROW:     0   2   2   2   3   3   4   4   4   4   4   4   4   5   6   6   6   6   6   6   7   7   7   7   7   7   7   7   8   8   8   8   8   9   9   9   9   9   9  10  11
COl:     4   3   9  10   2   8   0   4   5   6   7   8  10   5   0   2   5   6   8  10   0   1   2   3   4   8   9  11   0   2   4   5  10   1   2   6   8  10  11   2   2
Channel95 
nnz: 32 
Data:   69  55 -34  25  20  46  17 -31  27   8  -3   2   8   9  -4  -6   8   3  65 -10  48  10   5   1  -6   4   7  44  46 -13  -8  -4
ROW:     0   1   3   4   4   4   4   4   4   4   4   5   5   5   6   6   6   6   7   7   7   7   7   8   8   8   8   9   9   9  10  10
COl:     8   9   8   0   1   2   4   6   7   8   9   1   8  11   0   1   3   6   4   5   6   7  11   4   8   9  10   2   7   9   0   8
Channel96 
nnz: 25 
Data:  -42 -11  72  36  -5 -11 -13 -14  16  26   2   1  -1  -7  -5  31  -9  64 -21  50  51 -22 -22  35 -68
ROW:     0   1   2   4   4   4   4   4   4   4   4   5   6   6   7   7   7   7   9   9   9   9   9  10  11
COl:     3   0   0   3   4   5   6   7   8   9  10   6   4   9   0   1   9  11   0   5   6  10  11   2   2
Channel97 
nnz: 30 
Data:   -3 -38  38  33  28  56  15  -3  50   9  32  -5  -1   6  46  38 -12  61  55 -19  36  -1   6  10  -8 -27  53  59  31  49
ROW:     0   2   3   4   4   4   4   4   4   4   4   5   5   6   7   7   7   7   7   7   7   8   8   9   9   9   9  10  10  11
COl:     6  10   5   0   2   3   6   7   8   9  10   2   4   8   0   1   5   6   7  10  11   5   9   4   7   9  11   5   8   4
Channel98 
nnz: 24 
Data:  -65  -8 -47  18  54  13  43 -30   2   8  35 -19 -20 -34 -29  44   9   7  13  41  17  -9 -47 -23
ROW:     1   3   3   4   4   4   4   4   5   5   7   7   7   7   7   7   7   8   9   9   9   9  10  11
COl:     3   0   4   1   3   4   6   7   1   9   0   3   4   6   9  10  11   8   3   4   5   7   1  11
Channel99 
nnz: 35 
Data:  -38  -1 -14  75 -62  36 -12  35  30  34 -30  32  -6  -3   5   2   4  -4  39 -23  43  48  -7  29 -10  65  60   8  -6  -8  10  11  51  13  22
ROW:     0   0   1   1   2   2   3   4   4   4   4   4   5   6   6   6   6   6   7   7   7   7   7   7   7   7   7   8   8   8   9   9   9   9  10
COl:     5   6   2   4   0   3   3   1   6   7   8  10  10   2   3   5   7   9   0   1   3   4   5   6   7   8  11   3   9  10   1   6   7  11   6
Channel100 
nnz: 36 
Data:  -32  -4  14 -35  24  65  -9 -17 -30  -1 -17  -4 -14  -4   6   3   4   5   3   2  -7  38  27  44  65 -22  -1  17  -2 -19  39  15 -19  61  21  19
ROW:     0   0   1   1   2   3   4   4   4   4   4   4   4   5   5   5   5   5   5   5   6   7   7   7   7   7   7   7   8   9   9   9   9   9   9  11
COl:     9  11   7  11   4   3   1   2   4   6   8   9  11   0   1   2   3   4   6   9   9   0   1   3   5   7   8  11   8   0   1   2   4   6  11   6
Channel101 
nnz: 34 
Data:   37 -64  43  43  39 -11 -25  -6 -16  63  38 -15  -8  -6  -4  -5  -9   5 -14  58 -21  65  53 -10  18 -26  34  32  14 -25 -24 -37 -57 -27
ROW:     0   1   2   3   3   4   4   4   4   4   4   4   4   5   5   6   6   6   7   7   7   7   7   8   9   9   9   9   9   9   9  10  10  11
COl:     5   9   2   1   2   2   3   4   5   7   8   9  11   5   9   2   5   7   0   4   6   8  11   4   0   1   2   4   5   8   9   1   8   0
Channel102 
nnz: 34 
Data:   58 -57   4 -26   8  10 -24 -21  31  22 -19  -7  -4   2  -2   6   8  -6 -22 -27 -27  18 -14  19  -5  -6  -4 -17  37  40   1  43 -26  55
ROW:     0   1   2   4   4   4   4   4   4   4   4   5   6   6   6   6   6   6   7   7   7   7   7   7   7   8   8   9   9   9   9   9   9  10
COl:    11   4   2   1   2   3   4   5   6   7  10   6   0   1   2   3   4  11   0   1   2   3   5   7   9   7  11   1   3   4   5   7   8   7
Channel103 
nnz: 33 
Data:   38   2  59  22 -20   6  65   6 -13  19   6 -10  -1   3  -5  44  40  36  26  50  13 -18   4  33   2  39 -33  23 -18   5  32 -46  32
ROW:     0   1   2   2   2   4   4   4   4   4   5   5   5   6   7   7   7   7   7   7   7   7   7   7   8   9   9   9   9   9   9  10  11
COl:     0   3   1   5   9   0   1   2  10  11   2   8  11   9   0   1   2   4   5   6   7   8   9  10   6   1   2   3   6  10  11   1  11
Channel104 
nnz: 34 
Data:   -7  65  -3  53  22  10  27  -5  -5   5 -10   5  -6   5 -25   1 -27 -32   4 -35  24  -8   8   5  -8  28 -20  -7  -3  19  -8 -24 -12  44
ROW:     2   4   4   4   4   4   4   4   5   5   5   5   5   6   7   7   7   7   7   7   7   8   8   8   8   9   9   9   9   9   9   9  11  11
COl:     1   0   3   5   6   8  10  11   0   3   6   7  10   0   1   2   3   5   6   7   9   0   5   9  10   0   2   3   4   7   9  11   4   7
Channel105 
nnz: 41 
Data:  -41  59  33   3  -6  -3  -7 -27  -3  24  31  17  45  13   8  -5   9   8   5  33 -14 -30  63 -29  13 -17 -11 -34  58  -4  42  43 -20  35 -26  59 -26 -14  63  19  30
ROW:     0   0   1   2   3   3   4   4   4   4   4   4   4   4   5   5   5   6   6   7   7   7   7   7   7   7   7   7   7   8   9   9   9   9   9   9   9   9   9  10  11
COl:     2   7   8   1   3  10   1   4   6   7   8   9  10  11   3   9  10   5   7   0   1   2   3   4   5   7   8  10  11   2   1   2   3   4   5   6   7   8  11   1   7
Channel106 
nnz: 24 
Data:   55  55  16  13  51   4   3  -1  -2  12  19  49  45  -8  -5  -1 -15  26  64  -1  20 -34   1 -26
ROW:     0   2   4   4   4   4   4   5   6   7   7   7   7   8   8   8   9   9   9   9   9   9   9   9
COl:     1   5   1   2   5   8  11   8   9   0   4   5  10   2   3  11   1   2   3   5   7   8   9  10
Channel107 
nnz: 25 
Data:   43  50  48  -7  -9 -15  31   5  -1  -2  -5  -3  -9  12 -10  21  18  38  -8  -9  21  31  54  34 -43
ROW:     0   2   4   4   4   4   4   5   5   5   6   6   6   7   7   7   7   7   8   8   9   9   9   9  11
COl:     0   9   0   3   5   6  11   1   3   4   0   1   8   0   2   4   6   7   4  10   1   2   9  11   0
Channel108 
nnz: 32 
Data:   20  41 -48  24  32  32  61  63  16 -22  57  42  33   9  -9  -8  -6  40 -12 -13 -18   2  11  31  -4   8  -4 -28  41  12  40 -68
ROW:     0   0   1   2   2   4   4   4   4   4   4   4   4   4   5   5   6   7   7   7   7   7   7   7   8   8   8   9   9   9  10  11
COl:     3   6   8   2  10   2   3   4   5   6   7   8   9  11   1   9   5   1   2   3   5   7   8  11   1   8   9   3   4  11   7   9
Channel109 
nnz: 29 
Data:   82  60  49 -16  31 -12  -5 -21  18  12  -5  -4  -2   4   4 -11 -17  29  -8   8  -9   4  50  28  17  29  65  56  14
ROW:     1   2   3   3   4   4   4   4   4   4   5   5   5   5   5   7   7   7   8   8   8   8   9   9   9   9   9   9  11
COl:    10   5   1   6   0   2   3   5   6   8   0   4   9  10  11   3   6  10   0   2   9  11   1   5   6   7  10  11   8
Channel110 
nnz: 32 
Data:  -34  62  41  35  61 -27  16 -18  63  -7   3   1  -5   1  -6  -7   5 -18  14  18  39  -6   4   4  27  -4 -23  57  -3 -53   8 -39
ROW:     0   2   3   4   4   4   4   4   4   5   5   5   5   6   6   6   7   7   7   7   7   8   8   8   9   9   9   9   9  10  10  11
COl:     6   9   6   3   7   8   9  10  11   1   4   7   8   5   8  10   3   6   7   9  10   3   5   9   0   4   8  10  11   4  11   5
Channel111 
nnz: 25 
Data:   36  24  45  18  37  30  57  -6  -1  36  28  51 -13  65 -25 -15  -3   3   4  14  -9  56  37  45  15
ROW:     2   2   3   4   4   4   4   5   5   7   7   7   7   7   7   7   8   8   8   9   9   9   9   9  10
COl:     1   9   0   3   5   6   9   4   7   1   2   3   5   6   7  11   3   7  11   0   2   3   6  11   4
Channel112 
nnz: 38 
Data:   32 -50  83 -29  28  45  54 -12  21   4  29  -5  51  58  14  35  -9  -7  -9   3   8  -6   5   5  59  20  -2 -21  58   3 -25  38   4  52 -16  24   7  55
ROW:     1   2   3   3   3   3   4   4   4   4   4   4   4   4   4   4   5   5   5   5   5   6   6   6   7   7   7   7   7   7   7   7   9   9   9  10  10  11
COl:     3   3   0   3   7  10   0   1   2   3   4   5   8   9  10  11   2   3   5   7  10   3   5   7   0   3   4   5   7   8   9  11   1   4   6   0   6   1
Channel113 
nnz: 25 
Data:  -55 -12  43  21  55  13 -35  -6   5  33 -19 -10   9 -28 -14   1   1   4 -25  38  60  47 -35 -74 -51
ROW:     1   4   4   4   4   4   4   6   6   7   7   7   7   7   7   8   8   8   9   9   9   9  10  10  10
COl:     3   0   1   2   4   8  11   3   7   1   3   4   6   7  10   4   5   9   3   5   9  11   4   6  10
Channel114 
nnz: 29 
Data:    7  59 -48  37 -30 -11 -35  39  -9   1 -10 -34  26  -1  12  40 -22  -2  -2  56  29 -12 -14  63  -4  60  12 -49  57
ROW:     0   0   3   4   4   4   4   4   5   5   6   7   7   7   7   7   7   7   8   9   9   9   9   9   9   9   9  11  11
COl:     2  11  10   0   1   4   7  11   0  11   3   2   3   5   6   7   8   9   6   0   2   4   5   6   8   9  10   5   7
Channel115 
nnz: 24 
Data:   10  70 -11 -31 -11  -4 -14  43  -7  52 -21  -5  -3  -2  -2 -35 -31  57  37  55  34  57  19 -59
ROW:     1   3   4   4   4   4   4   4   7   7   7   7   8   8   8   9   9   9   9   9   9   9   9  10
COl:     3   6   2   3   4   7   8   9   0   6   7  11   0   8   9   0   2   3   5   8   9  10  11   9
Channel116 
nnz: 26 
Data:   26  -3  65 -12 -14  36  47   5   1 -10   2  39 -18  16  50   1   3  -7   8  21  25  27 -16  34  63 -19
ROW:     4   4   4   4   4   4   4   5   5   6   6   7   7   7   7   7   7   8   8   9   9   9   9   9   9   9
COl:     0   2   3   4   6   7  11   1   2   1   2   0   1   2   6   7  11   1   7   2   5   6   7   8   9  10
Channel117 
nnz: 29 
Data:    9  39   4 -26  33  62  34  20  58  54  50  31  32 -10   9   5  63 -18  15  37 -10  -8   9 -33  55  58  50 -13  60
ROW:     1   1   2   2   2   3   4   4   4   4   4   4   4   5   5   6   7   7   7   7   7   8   8   9   9   9   9   9  10
COl:     4   6   0   4   5   8   0   3   4   5   6   7   9   4   9  10   0   1   5   8  10   1   2   0   2   4   6   7   6
Channel118 
nnz: 30 
Data:   77  15 -11  24  12  57  11  51  -5   9  -4  -2  64  30 -22 -33  12  32  -3   6   3  -1   1  34  60 -25  23  46 -38  38
ROW:     0   1   2   3   4   4   4   4   5   5   5   6   7   7   7   7   7   7   8   8   8   9   9   9   9   9   9   9  11  11
COl:     3   0   8   3   0   2   7   9   1   5   7   7   1   2   7   9  10  11   4   9  10   1   3   4   5   8  10  11   3   6
Channel119 
nnz: 33 
Data:  -64 -21  81  74 -35  49 -11 -13 -45  16 -38  27   7  52   1  25  -1   1  -2  -5  -4 -28  49  -9  -8 -17 -31   8  65   9  18 -52 -44
ROW:     0   1   1   1   1   2   2   2   2   3   3   3   4   4   4   4   5   5   5   6   6   7   7   7   7   7   7   8   9   9   9  10  11
COl:    10   4   6   7   9   2   5   9  11   4   6   7   1   5  10  11   0   3  11   1   4   1   4   5   6   9  10   0   1   2   3   3  10
Channel120 
nnz: 25 
Data:   73  -5  69 -14 -32  62 -13  59  16 -24  61 -10   2  -6  -3   4  34 -20  -6   1  27 -29   6  -5   6
ROW:     0   0   1   3   4   4   4   4   4   4   4   5   5   6   6   7   7   7   8   8   9   9   9   9  10
COl:     2   5   8   4   0   4   5   6   8  10  11   4   5   0   9   4   7   9   2   5   0   6   8  11   3
Channel121 
nnz: 27 
Data:    7 -15  -2  25 -16  -9  17  32  53  34  -8  60  -3   6   8  29  24  36  -5 -16  -4   1   2  -6  30 -19  18
ROW:     0   0   2   4   4   4   4   4   4   4   4   4   5   5   5   7   7   7   7   7   8   8   8   8   9   9  11
COl:     2   9   2   0   1   2   3   4   7   8  10  11   2   5  10   0   3   7   8  11   5   6   8   9   7  11   0
Channel122 
nnz: 34 
Data:   16 -54  59  32 -20  20 -26  63  57  -6  -3  -9  -9   6  -3 -17  27  51  48 -10   1  25  -1   8  58 -18  18  56  29 -16 -65 -75  57 -42
ROW:     2   3   4   4   4   4   4   4   4   5   5   5   5   6   6   7   7   7   7   7   7   7   8   8   9   9   9   9  10  10  10  11  11  11
COl:     4   2   1   3   4   7   8  10  11   3   7   8   9   5  10   0   1   2   3   5   6   7   4  10   2   4   6  10   0   5   9   3   4  10
Channel123 
nnz: 31 
Data:  -39  83  13 -17 -33  -6  51  55  -4   7 -20 -10   7   2 -10   4  22 -33 -35  54  30  -2  -8  -2   9  56  36  20  21  30  28
ROW:     0   1   3   4   4   4   4   4   4   4   4   5   6   6   6   6   7   7   7   7   7   8   8   8   8   9   9   9   9   9  11
COl:     0   6  10   1   2   4   5   8   9  10  11  10   4   5   7  11   1   2   5   7   9   0   2   9  10   0   4   7   8  10   0
Channel124 
nnz: 35 
Data:  -41 -64 -37   2   3   7   9  21  28  -6  -5   4  -7  -7 -15  31   7  41  11  38  -6   4   9  63 -15  44 -32  -7  52  16  48 -10  11  43  52
ROW:     0   1   2   3   4   4   4   4   4   5   5   5   6   6   7   7   7   7   7   7   8   8   9   9   9   9   9   9   9   9  10  10  11  11  11
COl:     3   8   3   5   1   2   3   7   9   4   5   9   6   9   0   3   4   5   6   7   1   3   0   1   4   5   6   7   8   9   3   7   1   8  11
Channel125 
nnz: 39 
Data:   13 -29  81 -14 -65 -11 -59 -51   6  36  37  65  -9   5   7   1   3 -10 -21 -24 -19   6  32 -25  29  17  49  38  -9  -2   7  53  40 -25  -6 -13  59  30 -50
ROW:     0   1   1   1   1   2   2   3   4   4   4   4   5   5   5   6   6   6   7   7   7   7   7   7   7   7   7   7   8   8   8   9   9   9   9   9  10  10  11
COl:    10   1   2   4  10   0  10   9   1   2   5   8   6   8  11   0   3   7   0   1   2   3   4   5   6   7   9  10   3   5   8   1   2   6   9  11   0  11   3
Channel126 
nnz: 26 
Data:   15 -19  60 -35  -7  11  -1   3  -8  -5  17  11  23  -2  55  -5 -10   4 -11 -20  26  -3 -34 -21  57  59
ROW:     3   4   4   4   4   4   5   6   6   6   7   7   7   7   7   8   8   8   9   9   9   9   9   9   9  11
COl:     0   1   3   7   8  11   0   8   9  11   3   5   6   8   9   5  10  11   0   1   3   4   7   9  10   7
Channel127 
nnz: 32 
Data:  -43  64  50 -10 -64  13   8 -17  38  30 -26 -14  65  23  -4   3 -10   2  21  15  46  49   8  51  -1  -7   6 -21 -24  57  -5  29
ROW:     0   0   1   1   2   3   3   4   4   4   4   4   4   4   5   5   6   6   7   7   7   7   7   7   8   8   8   9   9   9   9  10
COl:     3   7   1  11   7   4   9   0   4   5   6   8   9  10   7  11   2   3   0   3   5   8   9  10   0   8   9   0   1   5   8   9
Channel128 
nnz: 36 
Data:   38  69  28 -23  14  34  -4  58  18   4   5  19  -1  -1   9   8  -3   1 -12   9  28  35  -6  31  63  -7  40  -8  10 -19 -30  28  -9  -5  18 -60
ROW:     0   1   3   4   4   4   4   4   4   4   4   4   5   5   6   6   6   6   7   7   7   7   7   7   7   8   9   9   9   9   9   9   9  10  10  11
COl:     9  11   9   0   1   2   3   4   5   6   7  11   7  11   1   4   6   9   0   1   2   4   5   8  11   6   0   4   5   6   9  10  11   1   9   6
Channel129 
nnz: 19 
Data:  -31  14  50   9  -8   1   3  -5   4  65  11 -29  23  40  14   5  51   4 -65
ROW:     3   4   4   6   6   6   6   6   6   7   7   9   9   9   9   9   9  10  11
COl:     5   4   7   0   1   3   8   9  11   3   7   0   1   2   3   6   8   9   5
Channel130 
nnz: 31 
Data:  -45  10  26  40  34 -25  30  26  13  19   1  -4   5 -30  34 -22   3  65   7 -12  47  -7 -11 -15  25  -4  -7  13 -33  -1 -59
ROW:     1   1   3   4   4   4   4   4   4   4   5   5   7   7   7   7   7   7   7   7   7   9   9   9   9   9   9   9   9   9  10
COl:     2   9  11   1   2   4   6   7  10  11   6  11   0   1   2   4   5   7   9  10  11   1   2   5   6   7   8   9  10  11   1
Channel131 
nnz: 29 
Data:   40 -24 -34  27  21  59 -16  -7  -6  -6  -8  -4   4  -4   8   9  -7  64  49  32 -18 -12 -13  24   3   5 -33  17  24
ROW:     1   4   4   4   4   4   4   5   5   5   6   6   6   6   6   6   6   7   7   7   7   7   7   7   7   8   9   9   9
COl:     5   0   2   4   6   7   9   1   5   7   2   3   5   6   7   8  10   1   2   5   6   7   8   9  10  11   3   4   6
Channel132 
nnz: 26 
Data:   69 -51   7   1   7   7  23 -10 -31   2  -9 -10   8  52  25  33  -1  -9  65  46  -3  35  33 -34 -72 -41
ROW:     0   0   1   2   2   4   4   4   4   5   5   6   6   7   7   7   7   8   9   9   9   9   9   9  10  11
COl:     3   5   3   3   7   1   5   7   9   9  11   2  11   1   5   9  11   9   1   2   3   8   9  11   4   4
Channel133 
nnz: 29 
Data:  -24  51   6 -17   8 -32  19   3  -1   3   4   5 -18 -22  -6   3  43  20   4 -10  -5   5  65 -22  -3 -19 -31  -1 -50
ROW:     3   4   4   4   4   4   4   5   5   6   6   6   7   7   7   7   7   7   7   8   8   8   9   9   9   9   9   9  10
COl:     5   1   4   6   7   9  10   2   9   1   2   7   0   1   2   5   7   8  10   3   8   9   2   4   5   8   9  10   5
Channel134 
nnz: 32 
Data:   55  14  13  73 -34  -7 -55  31  35  48   1  -9  -7   5   2  -9 -20 -17 -13 -24  12 -20   6   3   9  26 -29  -3  56  11   5 -30
ROW:     0   2   2   2   2   3   3   4   4   4   4   4   5   5   6   6   7   7   7   7   7   7   8   8   8   9   9   9   9   9   9  10
COl:     3   0   5   6   7   5   9   1   6   7   9  10   7   9   0   4   0   1   2   3   8  11   6   7   9   0   2   6   7   8   9   1
Channel135 
nnz: 30 
Data:  -13  27 -19  80  39  19  60  48 -18   1  -5  -5  -8   7  -8 -16  64   6  41  18  61  -3  -2  -8  -3  41   1 -27  40 -63
ROW:     1   1   2   3   4   4   4   4   4   5   6   6   6   6   6   7   7   7   7   7   7   7   8   8   8   9   9   9  10  10
COl:     3   5   4   9   0   2   8   9  10   7   3   4   6   8   9   1   2   3   4   7   8  10   0   6   8   0   4   5   5   8
Channel136 
nnz: 27 
Data:  -34 -11 -17   5  48  15   5   6  47 -27   1  -8   2  -3   3  -8  -8  53  23  26 -12  -3  37  49  44 -46  34
ROW:     1   1   2   4   4   4   4   4   4   4   4   5   5   5   6   6   6   7   7   7   7   8   9   9   9  10  10
COl:     0   3  11   1   3   4   5   6   7   9  10   2   6   8   1   7  10   2   4   6   9   2   1   6   9   5  10
Channel137 
nnz: 24 
Data:   79 -61  41 -23 -10  44 -30  44  -6   3  -6  -4  -4 -22  -8  19  20   9  50  -2  19  11  13   5
ROW:     1   2   3   4   4   4   4   4   6   6   6   6   6   7   8   9   9   9   9   9   9   9   9  11
COl:    11   8  10   2   5   6   8  11   3   4   9  10  11   7   1   1   2   3   4   5   6   7  10   7
Channel138 
nnz: 29 
Data:    5  31  26  14  32  36  31  38  -5   4  50  22  -9   2  -7  -3  -8  12  15 -11  -1   5 -15  45  61  -6   3  38  39
ROW:     2   3   3   4   4   4   4   4   4   4   4   4   6   6   6   6   6   7   7   7   8   8   9   9   9   9   9   9  10
COl:     9   2   7   1   2   3   4   5   8   9  10  11   0   2   3   4  11   1   5   8   2   6   0   4   6   7   9  11   1
Channel139 
nnz: 30 
Data:   44 -33 -31  26   4  -1  14   9   3  -2  -6  18 -25 -17  -9  34  -4   2  -8  38  22 -25 -19  54 -15 -40  10 -64  45 -59
ROW:     1   1   4   4   4   4   4   6   6   6   6   7   7   7   7   7   8   8   9   9   9   9   9   9   9  10  10  11  11  11
COl:     8   9   3   5   7  10  11   1   4   7  11   1   3   5   8   9  10  11   2   3   5   6   7  10  11   2   4   6   9  11
Channel140 
nnz: 31 
Data:   65  68  -4  78  35 -28  -1  15  -8  40   6   5   5 -14  29  19 -26  61   4  -2 -10  -1 -26  58  -4  28  -5  10 -39 -16 -47
ROW:     0   1   2   3   4   4   4   4   4   4   5   6   6   7   7   7   7   7   7   7   8   8   9   9   9   9   9   9  10  11  11
COl:     3   3  11  11   1   2   3   5   8   9   0   9  10   0   1   4   7   8   9  11   0   3   0   1   3   6   9  11  11   1   6
Channel141 
nnz: 41 
Data:  -49  75 -60  79 -33 -27 -34 -22  55   4   3   8  -9   9  -1  -6  -8   5   3  -9  49 -22  32 -34  18   6  36  38   6   6  -8  -3 -30  17  -6  35 -35  15  39 -26  52
ROW:     0   1   1   1   3   4   4   4   4   4   5   5   5   5   5   5   6   6   6   6   7   7   7   7   7   7   7   7   8   8   8   8   9   9   9   9   9   9  10  11  11
COl:     0   2   9  11   0   0   2   7   8   9   0   2   3   9  10  11   2   4   9  11   0   1   2   4   5   6   8  10   5   6   8  11   0   2   7   8   9  11   6   6   9
Channel142 
nnz: 36 
Data:  -48  32  73 -20  -8  12  43  -5  14  33  47  -3   8   9   4  -9   7   4   6  31  48   7 -25  -5  -7   3  -3  -8  25  29  45  25   2 -13  14  -8
ROW:     0   0   2   3   4   4   4   4   4   4   4   5   5   5   6   6   6   6   6   7   7   7   7   8   8   8   8   8   9   9   9   9   9   9  10  11
COl:     3  11  10  11   1   3   4   5   6   7   8   1   2   6   0   4   6   9  11   0   2   5   6   1   5   6   7   8   0   1   4   5   6  11   8   4
Channel143 
nnz: 35 
Data:   -3 -39  71  -2 -47  55  52 -14 -23  -4  -4   9  -7   8   8 -20  32   8  26 -34 -14   9   2 -10  -6 -23   4  57  43   7  36  55 -14 -23  19
ROW:     0   0   1   2   2   2   3   4   4   4   5   5   6   6   7   7   7   7   7   7   7   8   8   8   8   9   9   9   9   9   9   9   9   9  10
COl:     0   8   3   3   6  11   0   2   6   9   0   7   5  11   0   3   5   6   8  10  11   0   1   2  11   0   2   3   4   5   6   7  10  11   2
Channel144 
nnz: 36 
Data:   12  21  81   8  26  52 -16  46   1  -9  -4 -10   5  -8   8  -9 -25  59  30   7  12 -19  25 -34  13  -9  -4  12  54 -25 -28   1   2  16 -29  17
ROW:     1   3   3   4   4   4   4   4   5   5   5   5   5   6   6   6   7   7   7   7   7   7   7   7   7   8   8   9   9   9   9   9   9   9   9  10
COl:     9   0   8   2   3   6  10  11   0   1   2   5   7   4   5  11   0   2   3   4   5   7   8   9  11   3   4   0   2   3   4   5   7   9  10   4
Channel145 
nnz: 32 
Data:   71 -45 -12 -35  56 -16 -24 -20  14  44  -5   1  -7   3   9   3  -5 -33   4  42 -34  22  38  -8 -20  18 -17  46 -18  57  -7  53
ROW:     0   1   3   4   4   4   4   4   4   4   4   5   5   5   6   6   6   7   7   7   7   7   7   8   9   9   9   9   9   9   9  10
COl:     7   0   9   1   3   4   5   6   7   8  10   4   7   8   9  10  11   0   1   2   5   6   7   1   0   2   3   6   7   9  11  11
Channel146 
nnz: 34 
Data:  -12  21 -14 -13  36 -25   6  -1  -3  -3  14  27   4  65 -26  30 -24  12   4   5 -10  62  57  48  46   9  38  29  -2  16 -33  41  17  -3
ROW:     1   4   4   4   4   4   5   5   6   6   7   7   7   7   7   7   7   7   8   8   8   9   9   9   9   9   9   9   9  10  10  10  11  11
COl:     5   0   2   7  10  11   3   7   7   8   0   1   2   4   5   8   9  10   0   1  10   0   3   4   5   6   7   8  11   0   2   6   1   7
Channel147 
nnz: 30 
Data:  -37 -49  73  14  69 -64 -59 -25  12  26   8  63  21   7   1  -5  -9 -10 -27  -8   1 -34  42  -6 -16  65  38 -23  24 -34
ROW:     0   0   1   1   2   3   3   4   4   4   4   4   4   5   5   6   6   6   7   7   7   7   7   8   9   9   9   9   9   9
COl:     3  11   6   7   6   8  11   0   1   2   4   5  10   0   7   5   6   8   1   3   8   9  10   7   0   3   4   6   7   9
Channel148 
nnz: 29 
Data:   28  22  -1  45  35 -21  49  -8 -27   4 -34   1   6  63  51  29 -31   8  63  59  43   6   5 -33  37  41  41  10  60
ROW:     0   1   2   2   2   3   3   4   4   4   4   5   5   7   7   7   7   7   7   7   7   8   8   9   9   9   9   9   9
COl:    11   7   9  10  11   2   3   1   2   6   9   6  11   0   1   3   7   8   9  10  11   4   6   0   1   2   8   9  11
Channel149 
nnz: 26 
Data:   65  66 -22  48  38  -1 -15   5  -7   7   5  61 -33  -7  50  12 -10  37  -9  -7 -26  57 -20  13  33 -14
ROW:     2   3   4   4   4   4   4   5   6   6   6   7   7   7   7   7   8   9   9   9   9   9   9   9   9   9
COl:     3   9   1   5   6   8  10   0   3   8  11   1   3   4   5   7   8   0   1   3   4   5   6   7   9  10
Channel150 
nnz: 37 
Data:   65  54  -3 -23  -1  45  65   5  22  32   7  -2   6  -7 -10   8  14 -13 -32 -15 -25  11 -28  -7  -4   1  22 -23  51  50 -25 -43 -45  -5 -19 -31   5
ROW:     0   1   1   2   3   4   4   4   4   4   4   5   5   5   6   7   7   7   7   7   7   7   7   8   8   8   9   9   9   9   9  10  10  10  10  11  11
COl:     7   3  10  11   9   2   6   7   9  10  11   2   5   8  11   1   3   5   6   7   8  10  11   1   7  10   1   4   5   8   9   3   9  10  11   3   9
Channel151 
nnz: 33 
Data:  -55  21 -12  16 -20 -28 -21   2 -10  -8   9  -5  -7   1  13  49  63  -1  22  58   4 -10  -2   5  -3  32  29 -13 -12   2 -11  -3  41
ROW:     0   1   4   4   4   4   4   5   5   5   6   6   6   6   7   7   7   7   7   7   8   8   8   8   8   9   9   9   9   9   9   9   9
COl:     6   9   0   1   2   7   9   4   8   9   1   2   5   9   3   5   6   9  10  11   1   6   7   8   9   0   2   3   4   7   8   9  11
Channel152 
nnz: 29 
Data:   48  82 -47  -9  11   4   2  40  12  33   1 -10  -3   2  -4  25 -25  23  14  24   6   6   9   7  -2  19   7  33  43
ROW:     0   2   3   4   4   4   4   4   4   4   5   5   5   5   6   7   7   7   7   7   8   8   8   9   9   9   9   9   9
COl:     3   3   0   0   1   2   4   5   9  11   1   5   7  10   0   1   4   8   9  11   1   5  10   0   1   7   8  10  11
Channel153 
nnz: 24 
Data:   40  49 -61  34  19  23  22  -3  -9  -4  -4 -29  41   6  -1  65  46 -11 -35  28 -22 -60 -47   4
ROW:     0   1   1   2   3   4   4   4   4   5   7   7   7   8   8   9   9   9   9   9   9  10  11  11
COl:     3   1   2  11   7   3   4   7  10  10   2   3   8   3   8   1   4   5   8   9  11   2   6  10
Channel154 
nnz: 30 
Data:   62  -4 -32 -27  -3 -29  53  49 -25  45   3  -8  -5   1   1  -8  -8  29  47  36   6  32  32   9  -6  -4  63 -16  45  -2
ROW:     2   2   2   4   4   4   4   4   4   4   5   5   5   5   6   6   6   7   7   7   7   7   7   8   8   9   9   9   9   9
COl:     2   5  10   2   4   5   7   9  10  11   1   6   9  10   1   3  11   0   3   5   6   7   8   1   3   0   1   6   8  10
Channel155 
nnz: 29 
Data:   45 -53  -1  12  -3  50 -26  53  13   5 -10  -1   2  29 -10 -15  53   7   1   7   3  -4 -24  57  34 -28  63  25 -27
ROW:     1   1   3   3   4   4   4   4   4   5   6   6   6   7   7   7   7   7   8   8   8   8   9   9   9   9   9   9  11
COl:     3   8   1   8   2   4   6   8  11   0   0   5   8   0   3   6   8  10   2   7  10  11   0   2   4   5   8  10   1
Channel156 
nnz: 37 
Data:   73  16 -61   3  78   5  -5  24  56  40  27  -3   9   1  -8  -2  58   1  27 -18  29  -8  50  34  20   4  -5  36  51 -27  61  -7  18  39 -35 -52  41
ROW:     0   2   2   3   3   4   4   4   4   4   4   5   5   6   6   6   7   7   7   7   7   7   7   7   7   8   8   9   9   9   9   9   9   9  11  11  11
COl:     5   0  10   4   9   1   5   6   7   9  11   4   5   4   7  10   0   1   2   3   4   7   8  10  11   3   6   1   4   5   8   9  10  11   2   4   6
Channel157 
nnz: 37 
Data:  -24  -7 -36 -65  -2 -34 -23  61 -10 -19   7 -30  -2  -3   4 -10   3  59  45   7  -3 -30  17  -8   8   2  26  55  57  56  38  -2 -25  -8  32  -4 -67
ROW:     1   2   2   3   3   4   4   4   4   4   4   4   5   5   6   6   6   7   7   7   7   7   7   8   8   8   9   9   9   9   9   9   9   9   9  11  11
COl:     7   4   6   7  10   0   1   3   4   6   8  10   9  10   0   6   7   0   1   2   6  10  11   6   9  11   0   2   3   4   7   8   9  10  11   0   4
Channel158 
nnz: 39 
Data:   54 -25 -59  54  75  14 -35  47  -6   5  37 -10   7  -6  -1  -9 -10  33  24  51  13  13  27  56   2  -7   1  -3   9 -21  16  32 -21  -7  31 -31  42 -62   4
ROW:     0   0   1   1   1   3   4   4   4   4   4   5   5   6   6   7   7   7   7   7   7   7   7   7   8   8   8   8   8   9   9   9   9   9   9   9   9  10  11
COl:     0   1   1   3  11   4   1   5   6   7  10   2   7   7  11   0   1   2   3   5   7   9  10  11   1   7   8   9  10   1   2   3   5   6   7   8  10   5   4
Channel159 
nnz: 31 
Data:    2 -51  30 -29   6 -46 -34   1  52 -14  -1  -1   7  -6  63 -32  17  47  57  -5  -8   7  -5  36  30 -19  -7 -19  43  42  56
ROW:     0   1   1   1   2   2   3   4   4   4   5   5   6   6   7   7   7   7   7   8   8   8   8   9   9   9   9   9   9  10  11
COl:     6   0   3   8   4   7   3   4   5   9   4   9   4   8   0   4   5   6   8   1   3   6  11   1   5   6   7  10  11   3  10
Channel160 
nnz: 35 
Data:   72  -6 -31   7 -28  17 -27  15  42  -8  52   1  -2   3  -7   6   8 -35 -19  11  20  52  -7   2  17  -5  11   8 -31  -2 -17  53 -47 -61  32
ROW:     1   2   2   4   4   4   4   4   4   4   4   5   5   5   6   6   6   7   7   7   7   7   8   8   9   9   9   9   9   9   9   9  10  11  11
COl:     1   4   9   1   2   3   4   6   7   8  10   6  10  11   5   6  11   4   6   7   8  10   2   3   0   1   3   4   5   7   8  10   6   1  11
Channel161 
nnz: 27 
Data:  -21 -57 -43  51  35  62  48   7  14  46   2 -33  -9  -2   5  31 -30  58  51   6 -17  26 -33  19   3 -13 -74
ROW:     0   1   1   2   3   4   4   4   4   4   4   4   5   5   6   7   7   7   7   8   9   9   9   9   9  10  10
COl:    11   7   8   5   3   0   2   4   5   6   8  10   1   6   1   0   3   4   7   4   4   6   7   9  11   6   9
Channel162 
nnz: 25 
Data:   84  10   8 -50 -29 -26 -14  33  61 -10   7  -1 -30 -16  60  53  36   9   4  46 -18 -26  34  64  -8
ROW:     0   0   2   2   4   4   4   4   4   5   5   6   7   7   7   7   7   8   8   9   9   9   9   9  10
COl:     5   9   0   3   0   4   5   7  11   5  10   6   0   5   6   9  11   6   9   0   6   8  10  11   3
Channel163 
nnz: 33 
Data:  -51  64 -37 -20  45  30 -33  17  41  -5  -1  -3   4  -8  -3  -9   1 -27  27  -8  57   5   1   4  -5  18  52  -2  15 -15 -21 -35  28
ROW:     0   1   2   4   4   4   4   4   4   5   5   6   6   6   7   7   7   7   7   7   7   8   8   8   9   9   9   9   9   9   9  10  11
COl:    10   2   7   1   2   4   5   8  11   1  11   0   9  11   1   2   3   4   5   8  11   2   6  10   0   1   2   6   9  10  11   4   7
Channel164 
nnz: 24 
Data:   74 -46  12  41  61  46  64  -7   3  11  23  55 -19  65 -31  -8  53  29  56  58  37 -12 -56 -26
ROW:     0   2   4   4   4   4   4   5   6   7   7   7   7   7   7   8   9   9   9   9   9   9  11  11
COl:     2   7   0   2   8   9  10   3   4   3   4   5   6   8   9   5   1   2   3   7   9  11   3   7
Channel165 
nnz: 24 
Data:  -22  44  73 -10  54  -4  23 -31   4  -6  30 -18   3 -21 -17  40   4  -2  31 -14 -27  -9  54 -31
ROW:     2   3   3   3   4   4   4   4   5   6   7   7   7   7   7   7   9   9   9   9   9   9   9  10
COl:     1   5   7  11   5   7   9  11   7   8   1   3   4   6   9  10   0   1   4   6   7   9  10   0
Channel166 
nnz: 24 
Data:   24 -48  -1  -7  48   6  57  21  47  -9  -3   7 -29 -10  -1  -2  44  -5 -16 -30  12 -49 -47 -47
ROW:     1   1   2   4   4   4   4   4   4   5   7   7   7   8   8   8   9   9   9   9   9  10  10  11
COl:     0   1   8   3   4   5   6   7  10  11   6   8   9   0   7   8   0   2   3   4   6   0   7   8
Channel167 
nnz: 31 
Data:  -32  35  60  24  51  29  12  44 -22   8  -4  -2  51 -29  38 -30 -25  43  44  21  -3   5  34  56  30  -5 -28 -33 -35  37  -5
ROW:     0   2   3   4   4   4   4   4   4   5   5   6   7   7   7   7   7   7   7   7   8   8   9   9   9   9   9   9   9   9   9
COl:     9  11  11   0   1   3   6   7   9   8  10   2   0   3   6   7   8   9  10  11   1   9   0   2   3   4   6   7   9  10  11
Channel168 
nnz: 35 
Data:  -24  43  10 -26 -39  -6 -18  60  -3  58  15   1  -2  -6   9  -8   8 -34  64  22  48 -15 -10 -26  -7  -2 -23  27  53  13 -28  -4   4  56  22
ROW:     0   0   3   3   3   4   4   4   4   4   4   5   5   5   6   6   6   7   7   7   7   7   7   7   8   8   9   9   9   9   9   9   9   9  10
COl:     1  11   1   7  11   0   2   4   5   7  10   1   5   7   1   5   9   1   2   6   7   9  10  11   0   7   1   3   4   7   8   9  10  11   5
Channel169 
nnz: 25 
Data:  -35 -28 -34  31  18 -35  41 -33   9  -9  -9   2  -5 -30  41 -16 -11  32  -9  -6   9  -5  46  46 -32
ROW:     2   4   4   4   4   4   4   4   5   5   5   5   6   7   7   7   7   7   7   8   8   9   9   9   9
COl:     3   0   3   4   5   7   9  11   1   3   4   9   0   0   1   2   3   4  10   0   9   0   4   5  11
Channel170 
nnz: 23 
Data:  -41  33 -56  48 -29  56   7  -5   3   1  16 -34   6  -7  61  -2  -7  -5  57  52 -23  55  54
ROW:     1   3   3   4   4   4   4   5   6   6   7   7   7   7   7   7   8   8   9   9   9   9   9
COl:     6   6   7   0   1   7   9   2   1   7   2   3   5   8  10  11   4   7   3   6   7   9  11
Channel171 
nnz: 25 
Data:   71 -46  33   2  -2 -16  11  34  58   1  -9   2  -5  -1  60 -11   3  -8 -31  -6   6  55 -19  42 -30
ROW:     1   1   3   4   4   4   4   4   4   5   5   5   6   6   7   7   7   7   7   8   8   9   9   9  11
COl:     7  11   7   3   5   7   8  10  11   4   6  10   2   8   0   3   4   5   9   0   9   1   5   9   5
Channel172 
nnz: 24 
Data:   -8  49   1  35  21  53   1   4  -9  57 -15  42  13  37  -1   5  -7  30 -30  16  23  23 -33  22
ROW:     4   4   4   4   4   4   5   6   6   7   7   7   7   7   7   8   8   9   9   9   9   9  10  11
COl:     0   1   2   4   6  11   8   7   8   1   2   4   8  10  11   2   9   4   5   6   9  11   7   4
Channel173 
nnz: 29 
Data:  -18 -57  17  47  15   2  -6 -24 -27  -7   7   1  -8   3  -7  65  19  28  62  61 -31  -9   3  -9  34  -5  30  50  11
ROW:     1   1   2   3   4   4   4   4   4   5   5   5   6   6   6   7   7   7   7   7   7   8   8   9   9   9   9   9  10
COl:     0   8   1   1   2   5   8  10  11   0   3   9   5   8  11   0   1   5   6   8  11   3  11   1   4   6   8  11   5
Channel174 
nnz: 33 
Data:   66 -39 -59   7  23 -12  36  65  20  53   8 -10  -9  46 -20 -12  24  -6  18 -13  58  -6  -6 -34 -33  18 -20  64 -18  50  49  13 -34
ROW:     0   2   2   4   4   4   4   4   4   4   5   5   6   7   7   7   7   7   7   7   7   8   8   9   9   9   9   9   9   9   9   9  10
COl:     8   6   8   1   3   5   6   7   8   9   2   4   4   0   2   5   6   8   9  10  11   0   6   0   1   3   4   5   6   7   9  10   7
Channel175 
nnz: 32 
Data:   76 -16 -10  -3  18  16 -30  54  36  12  -1  -7   6   7  54  14  36   4  61  21  -5  -8  -3   2  63  63   7   2  24  -3  22 -45
ROW:     1   2   4   4   4   4   4   4   4   4   5   5   5   6   7   7   7   7   7   7   8   8   8   8   9   9   9   9   9   9   9  10
COl:     4   8   2   4   5   7   8   9  10  11   2   4  10   1   0   1   4   7   8  11   1   5   7   9   3   4   5   6   8   9  11   9
Channel176 
nnz: 29 
Data:   65 -46  82  10   6  30 -31 -28  26  11 -28 -33  13   9   2   5  -1 -35  59  16  34  28   1  15  36 -18 -25 -20  17
ROW:     0   0   2   3   3   4   4   4   4   4   4   4   4   5   5   6   6   7   7   7   7   7   7   7   9   9   9   9  11
COl:     2   4   2   1   5   2   3   4   5   7   8   9  10   5   7   2  11   0   1   4   5   6   9  10   0   1   7  11  10
Channel177 
nnz: 31 
Data:   66   9  45 -50  28  56 -11  33  43  10  -1  -3  -1   3   3   9 -16  48 -34 -29  -3   5  -9 -28 -13 -28  11  16 -25  22  42
ROW:     0   0   2   3   3   4   4   4   4   4   5   5   5   6   6   6   7   7   7   7   7   8   8   9   9   9   9   9   9  11  11
COl:     6  10   9   4   6   0   2   3   4  11   3   8  10   8  10  11   0   6   7   9  10   7   9   3   4   6   7   9  10   1  10
Channel178 
nnz: 30 
Data:   45 -12 -64  82  21  18  44  63  63  29 -17   5  52   2   3  -1   7  51   2 -11  32 -17  54  -4  -8  -6  37  51  -3  35
ROW:     0   1   1   2   3   3   4   4   4   4   4   4   4   5   5   6   6   7   7   7   7   7   7   8   8   8   9   9   9   9
COl:     3   2   4   2   2   7   2   4   5   6   8   9  10   0   6   2   9   2   3   4   5   8  11   0   3  11   0   4   5  10
Channel179 
nnz: 24 
Data:   19   1 -26  -3  82 -65   9  56  25   1   5   1 -10  -7  -6  12  56  36 -23  39  -8  25  63   5
ROW:     1   1   1   3   3   3   4   4   4   5   5   5   5   5   6   7   7   7   7   7   8   9   9  10
COl:     4   8   9   2   6  11   5   7   9   0   1   3   5   7   2   2   4   5   9  10   7   2   8   6
Channel180 
nnz: 28 
Data:   26 -27  52 -51  65  84  59  -3  16   1   9 -10  36  54  50  53  56 -23 -14 -23   5  49  26  32  63 -29  50 -13
ROW:     0   0   0   1   2   2   4   4   4   5   5   6   7   7   7   7   7   7   7   7   8   9   9   9   9   9   9  11
COl:     3   8  11   5   6   7   4   7   9   2   3   3   0   1   4   5   6   8  10  11   4   1   2   3   6   8  11   6
Channel181 
nnz: 28 
Data:  -56  11  79  50  50  49 -18  41   6   4   1  -1   9  -1  -6  51  41  12 -35   1   3  15 -10  39  46 -29 -23 -10
ROW:     0   1   1   4   4   4   4   4   5   6   6   6   6   6   6   7   7   7   7   7   7   7   8   9   9   9   9  10
COl:    11   3   4   2   3   5   9  10   1   0   1   2   3   4   6   2   5   6   7   8   9  11   4   0   1   5   9   9
Channel182 
nnz: 33 
Data:  -25 -39  73  62  45  -2  -7 -32  47  -3 -19   5  61  -8  -7   7   7   9   5  -5 -23  29  46 -30  14   4  51 -22 -28  -8 -33  47 -33
ROW:     0   1   1   2   3   3   3   3   4   4   4   4   4   5   5   5   5   6   6   6   7   7   7   7   7   8   9   9   9   9   9   9  10
COl:    10   0  10   1   3   4   6  10   0   1   8   9  11   1   3   7   8   1   7  11   2   4   5   7   9   3   0   1   2   3   4   5   0
Channel183 
nnz: 30 
Data:   38 -33  14  81  11 -19  -5  30 -29  40 -19 -22   1  -7   5  40  -6  56  -4 -30   3   2  52  45   1  43  -1   9  13  19
ROW:     0   0   2   2   2   4   4   4   4   4   4   4   5   6   7   7   7   7   7   7   7   8   9   9   9   9   9   9   9   9
COl:     1   7   2   8   9   0   3   4   6   8  10  11   8   5   2   3   5   6   7  10  11  10   1   3   4   5   6   8  10  11
Channel184 
nnz: 30 
Data:    6  46  82  71  25 -29   7 -13 -11  21   7  -5  -4   5   1  -8 -10  59  62   3  -4  52  -7  50  46 -11  26  27  60   1
ROW:     0   0   1   3   4   4   4   4   4   4   5   5   5   5   6   6   6   7   7   7   7   7   8   9   9   9   9   9  10  11
COl:     5  11   6   2   1   4   5   7  10  11   4   6   9  10   1   2   3   1   2   3   8  11   6   1   3   5   6  11   9   0
Channel185 
nnz: 21 
Data:   48  -5  57 -13  -2  -6   3  -7   6  -9 -25   6  -9  -2  61  33 -20 -27  56 -11  24
ROW:     0   4   4   4   5   5   5   6   6   7   7   8   8   8   9   9   9   9   9  10  10
COl:    10   0   7   9   4   9  10   3   4   7  11   1   3   5   1   2   4   6   9   3   5
Channel186 
nnz: 30 
Data:  -26  24  56  18  60 -17 -16  14  -5   7   3  -7 -22  -9  -1  17  27 -24 -19 -10  -7 -10   4  31  17  28  28  52   3  -8
ROW:     3   4   4   4   4   4   4   4   5   6   6   6   7   7   7   7   7   7   7   8   8   8   9   9   9   9   9   9   9  10
COl:     2   1   2   4   7   8  10  11   0   1   2   6   0   3   4   5   6   8  10   4   5   6   3   4   5   7   8  10  11   6
Channel187 
nnz: 33 
Data:   36  18  -7 -16  46 -32 -47  57  31  60  55 -34  52   4  -2  -3  -8  -2   7   9   7  61  39  61   6   8   1   8 -20  -2  38  25  30
ROW:     0   1   1   2   2   3   3   4   4   4   4   4   4   5   5   5   5   6   6   6   6   7   7   7   7   8   8   8   9   9   9   9  11
COl:     6   4   5   4   9   4   6   6   7   8   9  10  11   1   6   9  10   0   8   9  11   1   6   7   8   4   9  10   0   3   5   6   7
Channel188 
nnz: 21 
Data:   48  77   4   2 -35 -26   7  -7  -6 -10  -3  -1   6   6  -3   2  -7  54  -1 -24  17
ROW:     0   3   4   4   4   4   5   5   5   6   6   6   6   6   7   7   8   9   9   9   9
COl:     8   0   0   1   7   8   4   5   6   0   2   3   7  11   3   4   2   2   4   7  10
Channel189 
nnz: 34 
Data:   63 -38  39  40  -2  11 -31 -31  20  51   2  -9  -2   4   7 -10  -3  53  10  14  23  42  34 -32  38   8 -10 -24   8  53  39  35  49  13
ROW:     1   2   3   4   4   4   4   4   4   4   5   5   5   5   6   6   6   7   7   7   7   7   7   7   7   8   8   9   9   9   9   9   9   9
COl:     3   6   2   0   2   3   5   6   7   8   2   3   6   7   4   5   6   0   1   2   3   4   7   8  10   1   7   0   1   3   4   5   6  11
Channel190 
nnz: 35 
Data:   61  52  72  40  54  57   4   3   8  -8 -10  -3  -4 -10  31  63  16 -26  31  46 -15 -12  46  -2   3 -29  22 -25  63  52   7  13 -61   3 -10
ROW:     0   1   3   4   4   4   4   4   5   5   6   6   6   7   7   7   7   7   7   7   7   7   7   8   8   9   9   9   9   9   9   9  10  11  11
COl:    11  10   6   1   5   6   7  11   6   8   8   9  10   0   1   2   5   6   7   8   9  10  11   7   8   0   2   6   8   9  10  11   4   0  11
Channel191 
nnz: 25 
Data:  -19  38   7  18   7   3   4  -5  -7  25  61 -12  38 -35  14 -20  -5   8 -19  43   2  35  24  55  18
ROW:     1   3   4   4   5   6   6   6   6   7   7   7   7   7   7   7   8   8   9   9   9   9   9   9   9
COl:     0  10   2   9   4   2   4   8  11   3   4   5   6   7  10  11   4   8   0   2   4   5   7   8  11
